H 24 24
354.00000708414279 -3.4997894123701234e-08 -2.5323810833617108e-06 1.4501296253513658 -114.33325223315767 0.57823342036336689 0.070504760937422389 -5.4917645468494101 -2.7519162631872902 0.65031947464970152 -51.614336163411465 -28.662805112195386 0.65963832345012874 -51.43018145652092 -28.738226325805638 0.069605116322508265 -5.5227877266875094 -2.7657426317445255 -7.9660302426977144e-06 -8.20569772937976e-09 -6.6172737005420156e-07 -8.0591101411157376e-06 1.3866411365429967e-08 -6.171462659880022e-07 -3.4997894123701234e-08 354.00000666024994 5.6129622439721861e-08 114.33386548390762 1.5033742372990815 -13.874590717270182 5.5285588385415583 0.070293422170603956 -0.015490192343805408 51.582035209252261 0.66987328944597446 0.32234967061596781 51.699390375101132 0.77949380606736463 0.035923838650315898 5.5189973211787082 0.070117180143622074 0.030164914446605195 5.2176814998504506e-08 -7.1894299478278862e-06 -1.7093541043613193e-06 1.8028680503945285e-08 -7.0068360668743868e-06 1.8501841392556517e-06 -2.5323810833617108e-06 5.6129622439721861e-08 354.00001107939431 -1.1906919035077501 13.896203294622255 0.052736942131633192 1.4047348163687063 0.026465774107619428 -2.0181207497451172 -15.409677007821156 6.7618226357882918 -18.444358872230801 14.370132908068349 7.1021995692395814 -18.329422725354949 -1.5558639754205892 0.023799602965039496 -1.9989627857493346 1.6157551319576345e-06 -7.8196179012342809e-06 -2.4001096534530782e-06 1.8058411588555879e-06 7.9427083337404998e-06 -2.6401815746132214e-06 1.4501296253513658 114.33386548390762 -1.1906919035077501 124.27817749325222 7.7983412528417961 -4.5972803437952612 2.1424374264885482 0.0085281798370526046 -0.29173118471044041 18.862348498897227 -0.96615379174160543 2.6249402089614806 18.719928987398866 1.0149463703199555 -2.6089021221501465 2.1755506900833352 -0.0079015359686351924 0.28898395779822278 2.0497843727921265e-07 -2.8059319049235778e-06 -7.4258398306368938e-07 -2.7489219647473864e-07 -2.820722530567829e-06 8.2020743646267753e-07 -114.33325223315767 1.5033742372990815 13.896203294622255 7.798341252841797 133.07823431751936 -0.24888467195913092 -0.34236574877584808 1.9594803341894353 1.3809989810070316 2.3659906453297799 15.693164095620352 12.080259718725335 3.561178259045227 18.415587791752419 4.9241693118589112 -0.39328264045279315 2.0330319239512211 0.57693276337198762 2.0417778945066711e-06 1.2574553204162601e-06 6.068632424728495e-07 2.7264317135539566e-06 1.7400411596459378e-06 -3.745063627722749e-07 0.57823342036336689 -13.874590717270182 0.052736942131633192 -4.5972803437952612 -0.24888467195913092 102.98146423564472 1.1125111621634067 0.79282453873735448 0.37726433577887009 7.8453055102189309 -7.3532114253871512 -4.067180820171262 -12.377698221427487 7.0922705196662319 4.0273088206441221 -1.176950655831607 -0.83642653735156225 -0.40786102173371441 1.0714700387897868e-06 -1.0338639663477429e-06 -1.5807574790826864e-07 -1.1149548662226427e-06 1.7297532632388045e-06 -5.4201238511605494e-07 0.070504760937422389 5.5285588385415583 1.4047348163687063 2.1424374264885482 -0.34236574877584808 1.1125111621634067 2.4370000451217488 0.002234318301073237 -0.19472356759080744 0.0078751470315041455 -0.0052533090462495219 -0.001099051991693607 0.0030692524281287345 -0.0013554723157535445 -0.00074602228626009207 0.011001853796388468 -0.0073935287209737563 -4.8632539167618488e-05 1.2060209534498057e-07 -3.1745023255790577e-06 -8.0451391535267017e-07 0 0 0 -5.4917645468494101 0.070293422170603956 0.026465774107619428 0.0085281798370526046 1.9594803341894353 0.79282453873735448 0.002234318301073237 2.2811508295900889 0.94038973125709635 0.0046962784318497148 0.00070097167121906134 0.0012630620943474124 0.0025948269760183214 0.0065157582046662492 0.00069879378958217836 -0.0046418637958879159 0.0032974371640272959 0.00024591694940476595 3.0671430363719183e-06 -2.7659997052621485e-07 1.356777189439672e-07 0 0 0 -2.7519162631872902 -0.015490192343805408 -2.0181207497451172 -0.29173118471044041 1.3809989810070316 0.37726433577887009 -0.19472356759080744 0.94038973125709635 1.1272370315085476 0.001040623963414982 0.0011748346909039409 0.00079396417063710089 0.00089004587835099882 0.0032578110508564226 0.00042889208055172539 -0.0037565312157272551 0.0027583076817982175 0.000144556497113399 1.2234222170980917e-06 1.4604617666064889e-07 4.4493435169535148e-07 0 0 0 0.65031947464970152 51.582035209252261 -15.409677007821156 18.862348498897227 2.365990645329779 7.8453055102189309 0.0078751470315041455 0.0046962784318497148 0.001040623963414982 18.517579103069384 -0.64468026685614854 1.7637204619392699 0.0096673849127501873 0.0070060017382805742 -6.5325471729450778e-05 0.0044535571516209063 0.0019386300085125789 0.00095804351202994254 0 0 0 0 0 0 -51.614336163411465 0.66987328944597446 6.7618226357882918 -0.96615379174160543 15.693164095620348 -7.3532114253871503 -0.0052533090462495219 0.00070097167121906134 0.0011748346909039409 -0.64468026685614854 17.334325839091992 8.4672781209727628 0.003408854223262316 0.0024081334623400797 9.0262860309429027e-05 -0.0025478629490352602 0.0053083443869622361 0.00058527088135175865 0 0 0 0 0 0 -28.662805112195386 0.32234967061596781 -18.444358872230801 2.6249402089614806 12.080259718725333 -4.067180820171262 -0.001099051991693607 0.0012630620943474124 0.00079396417063710089 1.7637204619392699 8.4672781209727646 7.6607282297252866 0.0035152170529716463 0.0025597418951519499 3.8204823344597838e-05 -0.00042604653743097149 0.0029847552410573689 0.00047399867672875967 0 0 0 0 0 0 0.65963832345012874 51.699390375101132 14.370132908068349 18.719928987398866 3.561178259045227 -12.377698221427487 0.0030692524281287345 0.0025948269760183214 0.00089004587835099882 0.0096673849127501873 0.003408854223262316 0.0035152170529716463 18.406458544750574 0.68283280013597303 -1.7521606929412457 0.0086764481643134585 0.0078093264411979498 0.0021383661276861516 0 0 0 0 0 0 -51.43018145652092 0.77949380606736463 7.1021995692395814 1.0149463703199555 18.415587791752419 7.0922705196662319 -0.0013554723157535445 0.0065157582046662492 0.0032578110508564226 0.0070060017382805742 0.0024081334623400797 0.0025597418951519499 0.68283280013597303 17.253389369171103 8.422734461901296 -0.0065671991575698488 0.0071460258576610371 0.00073260752377453397 0 0 0 0 0 0 -28.738226325805638 0.035923838650315898 -18.329422725354949 -2.6089021221501465 4.9241693118589103 4.0273088206441221 -0.00074602228626009207 0.00069879378958217836 0.00042889208055172539 -6.5325471729450778e-05 9.0262860309429027e-05 3.8204823344597838e-05 -1.7521606929412459 8.4227344619012943 7.6599285202024188 -0.0020167772624034384 0.00037216812344510573 -0.00010580853846514841 0 0 0 0 0 0 0.069605116322508265 5.5189973211787082 -1.5558639754205892 2.1755506900833352 -0.39328264045279315 -1.176950655831607 0.011001853796388468 -0.0046418637958879159 -0.0037565312157272551 0.0044535571516209063 -0.0025478629490352602 -0.00042604653743097149 0.0086764481643134585 -0.0065671991575698488 -0.0020167772624034384 2.4633928792791346 -0.0068183685419424163 0.19164837863047357 0 0 0 -2.0027395635644169e-07 -3.1849299888559066e-06 8.9045362484700341e-07 -5.5227877266875094 0.070117180143622074 0.023799602965039496 -0.0079015359686351924 2.0330319239512211 -0.83642653735156225 -0.0073935287209737563 0.0032974371640272959 0.0027583076817982175 0.0019386300085125789 0.0053083443869622361 0.0029847552410573689 0.0078093264411979498 0.0071460258576610371 0.00037216812344510573 -0.0068183685419424163 2.3079810439512283 0.95018066876003271 0 0 0 3.1093988747749714e-06 2.0059239334002232e-07 1.3208073915404762e-07 -2.7657426317445255 0.030164914446605195 -1.9989627857493346 0.28898395779822278 0.57693276337198762 -0.40786102173371441 -4.8632539167618488e-05 0.00024591694940476595 0.000144556497113399 0.00095804351202994254 0.00058527088135175865 0.00047399867672875967 0.0021383661276861516 0.00073260752377453397 -0.00010580853846514841 0.19164837863047357 0.95018066876003271 1.1262554786253514 0 0 0 1.2335020153630698e-06 -1.6443159153723739e-07 4.448077841153025e-07 -7.9660302426977144e-06 5.2176814998504506e-08 1.6157551319576345e-06 2.0497843727921265e-07 2.0417778945066711e-06 1.0714700387897868e-06 1.2060209534498057e-07 3.0671430363719183e-06 1.2234222170980917e-06 0 0 0 0 0 0 0 0 0 0.00025408751425689706 3.0248877921124063e-08 4.862922621760563e-06 0 0 0 -8.20569772937976e-09 -7.1894299478278862e-06 -7.8196179012342809e-06 -2.8059319049235778e-06 1.2574553204162601e-06 -1.0338639663477429e-06 -3.1745023255790577e-06 -2.7659997052621485e-07 1.4604617666064889e-07 0 0 0 0 0 0 0 0 0 3.0248877921124063e-08 0.00024691225009161361 6.3940398056738956e-06 0 0 0 -6.6172737005420156e-07 -1.7093541043613193e-06 -2.4001096534530782e-06 -7.4258398306368938e-07 6.068632424728495e-07 -1.5807574790826864e-07 -8.0451391535267017e-07 1.356777189439672e-07 4.4493435169535148e-07 0 0 0 0 0 0 0 0 0 4.862922621760563e-06 6.3940398056738956e-06 0.00022469441973627013 0 0 0 -8.0591101411157376e-06 1.8028680503945285e-08 1.8058411588555879e-06 -2.7489219647473864e-07 2.7264317135539566e-06 -1.1149548662226427e-06 0 0 0 0 0 0 0 0 0 -2.0027395635644169e-07 3.1093988747749714e-06 1.2335020153630698e-06 0 0 0 0.00025443861884440005 -8.6654608723155793e-08 4.6794461519574376e-06 1.3866411365429967e-08 -7.0068360668743868e-06 7.9427083337404998e-06 -2.820722530567829e-06 1.7400411596459378e-06 1.7297532632388045e-06 0 0 0 0 0 0 0 0 0 -3.1849299888559066e-06 2.0059239334002232e-07 -1.6443159153723739e-07 0 0 0 -8.6654608723155793e-08 0.00024682829709468001 -7.1083216586999319e-06 -6.171462659880022e-07 1.8501841392556517e-06 -2.6401815746132214e-06 8.2020743646267753e-07 -3.745063627722749e-07 -5.4201238511605494e-07 0 0 0 0 0 0 0 0 0 8.9045362484700341e-07 1.3208073915404762e-07 4.448077841153025e-07 0 0 0 4.6794461519574376e-06 -7.1083216586999319e-06 0.00022497979316569706
g 24 1
-22409.037458093273 -2023.686969162316 48135.10088571802 1115.281493150814 3216.7844059280465 202.5615086658045 14.876168148391713 261.39572628774982 141.15947490934823 -2749.054297437528 4410.0465868807942 -956.58446923414419 1760.7822392190794 4420.3939972165736 -837.04759589146158 -0.9168450689546076 238.32823395870906 130.34604664807722 -0.00069822056354615076 0.00078355495114664094 -0.018411615402249139 -0.00018988218723040807 0.00021125029968813164 -0.0148221057522117
Aineq 36 24
0 0 0 0 0 0 0 0 0 0 0 0 0 0 0 0 0 0 -0 -0 -1 0 0 0 0 0 0 0 0 0 0 0 0 0 0 0 0 0 0 0 0 0 0 0 1 0 0 0 0 0 0 0 0 0 0 0 0 0 0 0 0 0 0 0 0 0 1 0 -0.56568542494923801 0 0 0 0 0 0 0 0 0 0 0 0 0 0 0 0 0 0 0 0 0 -1 -0 -0.56568542494923801 0 0 0 0 0 0 0 0 0 0 0 0 0 0 0 0 0 0 0 0 0 0 1 -0.56568542494923801 0 0 0 0 0 0 0 0 0 0 0 0 0 0 0 0 0 0 0 0 0 -0 -1 -0.56568542494923801 0 0 0 0 0 0 0 0 0 0 0 0 0 0 0 0 0 0 0 0 0 0 0 0 -0 -0 -1 0 0 0 0 0 0 0 0 0 0 0 0 0 0 0 0 0 0 0 0 0 0 0 1 0 0 0 0 0 0 0 0 0 0 0 0 0 0 0 0 0 0 0 0 0 1 0 -0.56568542494923801 0 0 0 0 0 0 0 0 0 0 0 0 0 0 0 0 0 0 0 0 0 -1 -0 -0.56568542494923801 0 0 0 0 0 0 0 0 0 0 0 0 0 0 0 0 0 0 0 0 0 0 1 -0.56568542494923801 0 0 0 0 0 0 0 0 0 0 0 0 0 0 0 0 0 0 0 0 0 -0 -1 -0.56568542494923801 0.0012710670903372464 0.097994584049474448 0.10612802363209715 0.038187958557604047 -0.017390772140016102 0.013936987564570539 0.043235644148018733 0.0033061763735880399 -0.0020631332477372491 0 0 0 0 0 0 0 0 0 -0.0046751718434463073 -0.36672756660535472 -0.086923471091278126 0 0 0 -0.0012710670903372464 -0.097994584049474448 -0.10612802363209715 -0.038187958557604047 0.017390772140016102 -0.013936987564570539 -0.043235644148018733 -0.0033061763735880399 0.0020631332477372491 -0 -0 -0 -0 -0 -0 -0 -0 -0 0.0046751718434463073 0.36672756660535472 0.086923471091278126 -0 -0 -0 -0.095224670041441195 0.0020822554148015133 0.035042952223373391 0.0049346525016873335 0.021239211052592279 0.01302629602032296 0.0033061763735880399 0.037827306027451303 0.0080778852045103114 0 0 0 0 0 0 0 0 0 0.36444384960542009 -0.0046550562064376485 -0.0013660313801228674 0 0 0 0.095224670041441195 -0.0020822554148015133 -0.035042952223373391 -0.0049346525016873335 -0.021239211052592279 -0.01302629602032296 -0.0033061763735880399 -0.037827306027451303 -0.0080778852045103114 -0 -0 -0 -0 -0 -0 -0 -0 -0 -0.36444384960542009 0.0046550562064376485 0.0013660313801228674 -0 -0 -0 -0.026424069540494123 -0.00020560358176061524 -0.021655929093886132 -0.0030705455640367202 0.01231923458102931 0.0034843283248563537 -0.0020631332477372491 0.0080778852045103114 0.016326302457873296 0 0 0 0 0 0 0 0 0 0.19376892046327088 0.00068760562675313375 0.12595452676685698 0 0 0 0.026424069540494123 0.00020560358176061524 0.021655929093886132 0.0030705455640367202 -0.01231923458102931 -0.0034843283248563537 0.0020631332477372491 -0.0080778852045103114 -0.016326302457873296 -0 -0 -0 -0 -0 -0 -0 -0 -0 -0.19376892046327088 -0.00068760562675313375 -0.12595452676685698 -0 -0 -0 0.0010411097544814761 0.084321011012858341 -0.10872953603554926 0.034340813624906208 0.016366306510392548 0.0094288198590913707 0 0 0 0.039299896362164057 -0.0046064805774529583 0.0019055023449637801 0 0 0 0 0 0 0 0 0 0 0 0 -0.0010411097544814761 -0.084321011012858341 0.10872953603554926 -0.034340813624906208 -0.016366306510392548 -0.0094288198590913707 -0 -0 -0 -0.039299896362164057 0.0046064805774529583 -0.0019055023449637801 -0 -0 -0 -0 -0 -0 -0 -0 -0 -0 -0 -0 -0.084478189762755729 0.0011806807396987232 0.048753868051620408 -0.0068725053015517073 0.016553959150840659 -0.011929284814208713 0 0 0 -0.0046064805774529583 0.035966013669181944 0.0071472390253756162 0 0 0 0 0 0 0 0 0 0 0 0 0.084478189762755729 -0.0011806807396987232 -0.048753868051620408 0.0068725053015517073 -0.016553959150840659 0.011929284814208713 -0 -0 -0 0.0046064805774529583 -0.035966013669181944 -0.0071472390253756162 -0 -0 -0 -0 -0 -0 -0 -0 -0 -0 -0 -0 -0.02769227217467583 0.00030654221271566743 -0.020007425684195949 0.0028361873453351038 0.011022249499188673 -0.0039074948335309284 0 0 0 0.0019055023449637801 0.0071472390253756162 0.016326302457873296 0 0 0 0 0 0 0 0 0 0 0 0 0.02769227217467583 -0.00030654221271566743 0.020007425684195949 -0.0028361873453351038 -0.011022249499188673 0.0039074948335309284 -0 -0 -0 -0.0019055023449637801 -0.0071472390253756162 -0.016326302457873296 -0 -0 -0 -0 -0 -0 -0 -0 -0 -0 -0 -0 0.0011175966733645015 0.085878525522227897 0.10701892046495474 0.034079672083092628 0.025327579850395073 -0.0236319989079544 0 0 0 0 0 0 0.039088082241888249 0.0046706301432707705 -0.0018951922787292484 0 0 0 0 0 0 0 0 0 -0.0011175966733645015 -0.085878525522227897 -0.10701892046495474 -0.034079672083092628 -0.025327579850395073 0.0236319989079544 -0 -0 -0 -0 -0 -0 -0.039088082241888249 -0.0046706301432707705 0.0018951922787292484 -0 -0 -0 -0 -0 -0 -0 -0 -0 -0.083852227511358776 0.001949132450716067 0.049421720361426891 0.0069678551166024016 0.035541333631190573 0.011368054623378126 0 0 0 0 0 0 0.0046706301432707705 0.035877067771182901 0.0071027660763761059 0 0 0 0 0 0 0 0 0 0.083852227511358776 -0.001949132450716067 -0.049421720361426891 -0.0069678551166024016 -0.035541333631190573 -0.011368054623378126 -0 -0 -0 -0 -0 -0 -0.0046706301432707705 -0.035877067771182901 -0.0071027660763761059 -0 -0 -0 -0 -0 -0 -0 -0 -0 -0.027774113699075793 -4.3801482641620242e-06 -0.019896019146508626 -0.0028207532389241457 0.0032898180776682728 0.0038898294999814721 0 0 0 0 0 0 -0.0018951922787292484 0.0071027660763761059 0.016326302457873282 0 0 0 0 0 0 0 0 0 0.027774113699075793 4.3801482641620242e-06 0.019896019146508626 0.0028207532389241457 -0.0032898180776682728 -0.0038898294999814721 -0 -0 -0 -0 -0 -0 0.0018951922787292484 -0.0071027660763761059 -0.016326302457873282 -0 -0 -0 -0 -0 -0 -0 -0 -0 0.00118500267004118 0.095664612203591556 -0.10877644900635437 0.038562805161749238 -0.02422668370215748 -0.023427039439158207 0 0 0 0 0 0 0 0 0 0.043521720298035721 -0.003270768360756056 0.0020450398007518323 0 0 0 -0.0046196450722094393 -0.36614912570282837 0.09634727111576602 -0.00118500267004118 -0.095664612203591556 0.10877644900635437 -0.038562805161749238 0.02422668370215748 0.023427039439158207 -0 -0 -0 -0 -0 -0 -0 -0 -0 -0.043521720298035721 0.003270768360756056 -0.0020450398007518323 -0 -0 -0 0.0046196450722094393 0.36614912570282837 -0.09634727111576602 -0.095850244570031579 0.0013012467413613324 0.034679690838530508 -0.0048822053926097491 0.034758079552426595 -0.013513192461219034 0 0 0 0 0 0 0 0 0 -0.003270768360756056 0.03804356436988543 0.008186014375727366 0 0 0 0.36638443808828636 -0.0046506855885100297 -0.0012023817989784691 0.095850244570031579 -0.0013012467413613324 -0.034679690838530508 0.0048822053926097491 -0.034758079552426595 0.013513192461219034 -0 -0 -0 -0 -0 -0 -0 -0 -0 0.003270768360756056 -0.03804356436988543 -0.008186014375727366 -0 -0 -0 -0.36638443808828636 0.0046506855885100297 0.0012023817989784691 -0.026572517455647669 0.00028423648725248141 -0.021472622441652038 0.003043843697460438 0.0040352752093576714 -0.0037606897893233365 0 0 0 0 0 0 0 0 0 0.0020450398007518323 0.008186014375727366 0.016326302457873282 0 0 0 0.19463863087305561 -0.0021620231292397594 0.12475866084180218 0.026572517455647669 -0.00028423648725248141 0.021472622441652038 -0.003043843697460438 -0.0040352752093576714 0.0037606897893233365 -0 -0 -0 -0 -0 -0 -0 -0 -0 -0.0020450398007518323 -0.008186014375727366 -0.016326302457873282 -0 -0 -0 -0.19463863087305561 0.0021620231292397594 -0.12475866084180218
bineq 36 1
-0 180 0 0 0 0 -0 180 0 0 0 0 34.13901666024443 35.86098333975557 34.266262347752438 35.733737652247562 35.447684128603846 34.552315871396154 36.309314356130642 33.690685643869358 34.10571075693958 35.89428924306042 35.890871390009934 34.109128609990066 33.701686694530331 36.298313305469669 34.099607643514361 35.900392356485639 35.892459623244811 34.107540376755189 35.892716440880385 34.107283559119615 34.285645756495306 35.714354243504694 34.998017305284911 35.001982694715089
Aeq 18 24
15.206408000000003 0 0 0.0050858324028372386 -0.40100103280310823 0.0026942826947753797 0.0012710670903372464 -0.095224670041441195 -0.026424069540494123 0.0010411097544814761 -0.084478189762755729 -0.02769227217467583 0.0011175966733645015 -0.083852227511358776 -0.027774113699075793 0.00118500267004118 -0.095850244570031579 -0.026572517455647669 -1 0 0 -1 0 0 0 15.206408000000003 0 0.40099356060727304 0.0051699835722436166 -0.021742402794058539 0.097994584049474448 0.0020822554148015133 -0.00020560358176061524 0.084321011012858341 0.0011806807396987232 0.00030654221271566743 0.085878525522227897 0.001949132450716067 -4.3801482641620242e-06 0.095664612203591556 0.0013012467413613324 0.00028423648725248141 0 -1 0 0 -1 0 0 0 15.206408000000003 -0.0045008176365496054 0.021811915469650226 8.2085455264306327e-05 0.10612802363209715 0.035042952223373391 -0.021655929093886132 -0.10872953603554926 0.048753868051620408 -0.020007425684195949 0.10701892046495474 0.049421720361426891 -0.019896019146508626 -0.10877644900635437 0.034679690838530508 -0.021472622441652038 0 0 -1 0 0 -1 0.0050858324028372386 0.40099356060727304 -0.0045008176365496054 0.20779157299053053 0.00024691776907381671 -0.021424362782830979 0.038187958557604047 0.0049346525016873335 -0.0030705455640367202 0.034340813624906208 -0.0068725053015517073 0.0028361873453351038 0.034079672083092628 0.0069678551166024016 -0.0028207532389241457 0.038562805161749238 -0.0048822053926097491 0.003043843697460438 -0.0046896481515565931 -0.36690491356313776 -0.13342313064372069 -0.0046051687640991544 -0.365971778745045 0.14284693066820855 -0.40100103280310823 0.0051699835722436166 0.021811915469650226 0.00024691776907381671 0.51769382809198838 -0.0004945669099404124 -0.017390772140016102 0.021239211052592279 0.01231923458102931 0.016366306510392548 0.016553959150840659 0.011022249499188673 0.025327579850395073 0.035541333631190573 0.0032898180776682728 -0.02422668370215748 0.034758079552426595 0.0040352752093576714 0.36645317649163556 -0.0039153119083619606 0.19203165379141157 0.36645335175340266 -0.0053914350961117522 -0.19460099507555595 0.0026942826947753797 -0.021742402794058539 8.2085455264306327e-05 -0.021424362782830979 -0.0004945669099404124 0.52988163449168324 0.013936987564570539 0.01302629602032296 0.0034843283248563537 0.0094288198590913707 -0.011929284814208713 -0.0039074948335309284 -0.0236319989079544 0.011368054623378126 0.0038898294999814721 -0.023427039439158207 -0.013513192461219034 -0.0037606897893233365 0.13237515258681828 -0.19382277325098857 0.00069801749093598392 -0.13897018342857406 0.1962832621873882 -0.00070534848071846065 1 0 0 0.00033445323858449913 -0.026370529634816325 0.00017718074477386853 8.3587596119823058e-05 -0.006262140936994536 -0.0017376930528560151 6.846519930817824e-05 -0.0055554335884421694 -0.001821092277326495 7.3495112939525313e-05 -0.0055142692154096316 -0.0018264743191867396 7.7927849235741924e-05 -0.0063032798126968275 -0.0017474552475277303 0 0 0 0 0 0 0 1 0 0.026370038250142492 0.0003399871667420481 -0.0014298184550919936 0.0064442953292766069 0.00013693275984713244 -1.3520851325350143e-05 0.005545097238799479 7.7643631533411641e-05 2.0158752330969118e-05 0.0056475221184534756 0.00012817836077501455 -2.8804621473802141e-07 0.0062910723034388868 8.5572262782988092e-05 1.8691888791388561e-05 0 0 0 0 0 0 0 0 1 -0.00029598164382736182 0.0014343897302801654 5.3980831807423731e-06 0.0069791645490570276 0.0023044858603934221 -0.0014241317932470392 -0.0071502445571333621 0.0032061396781949024 -0.0013157233242851265 0.0070377514837793873 0.0032500588147724874 -0.001308397035414847 -0.0071533296361872148 0.0022805971560496373 -0.0014120772270250828 0 0 0 0 0 0 0 0 0 6.324555320336759 0 0 0 0 0 0 0 0 0 0 0 0 0 0 0 0 0 0 0 0 0 0 0 0 6.324555320336759 0 0 0 0 0 0 0 0 0 0 0 0 0 0 0 0 0 0 0 0 0 0 0 0 6.324555320336759 0 0 0 0 0 0 0 0 0 0 0 0 0 0 0 0 0 0 2.8284271247461903 0 0 0.012474998406196262 -0.97426616672280952 -0.37417614996500542 0.012434053223670945 -0.96860185202737203 -0.48586025292758311 0 0 0 0 0 0 0 0 0 0 0 0 0 0 0 0 2.8284271247461903 0 0.97554342165864494 0.010284912947081334 0.54819421734231333 0.97504180871276014 0.012377811650116876 -0.0027335179972261389 0 0 0 0 0 0 0 0 0 0 0 0 0 0 0 0 0 2.8284271247461903 0.37737760178125423 -0.54314753839349805 -0.0019742916049106151 0.24585670341166238 0.0038637202087939918 -0.35625319999194832 0 0 0 0 0 0 0 0 0 0 0 0 0 0 0 2.8284271247461903 0 0 0.012236054615229698 -0.97426666243794557 0.39330435859429963 0 0 0 0 0 0 0 0 0 0.012276999797755012 -0.97407148044866254 -0.48830098075967393 0 0 0 0 0 0 0 2.8284271247461903 0 0.97290411782810626 0.014460019810779656 -0.55519227481879008 0 0 0 0 0 0 0 0 0 0.97340573077399195 0.012364838255736286 0.0053258378515986899 0 0 0 0 0 0 0 0 2.8284271247461903 -0.40403213338869953 0.55041473297430221 0.0019950267752626093 0 0 0 0 0 0 0 0 0 -0.27251123501910773 0.003400849294531823 -0.35287078037196368 0 0 0 0 0 0
beq 18 1
-0.10312451774923387 -0.10723493188016138 -150.6609044941905 0.019336764930847326 -0.33123166630291551 -0.024928509450785324 0.31525086048807538 -0.3367339690062639 0.85056023843519601 -168.11947754854066 473.57769803046176 -9.2637202187039094 134.36685155828292 -13.261732995056565 14.239975377876064 121.79419575073382 2.8127889585250991 16.039527045097515
seed 24 1
-0.90654482582409179 2.008457721367376 2.0100572895245339 -26.582023404546476 74.879208741784794 -1.4647227748828753 8.4632511375613344 -135.11922384643478 -161.94947028719318 -158.6422823852017 -7.1953853882954162 -36.753419303434676 -168.02858024358139 -105.16178572771966 2.9676950848941472 24.341820909504026 -251.63652965936549 96.659363622031464 0.64994813088690595 -0.079431083703722039 40.26826557095464 4.2470095937950765 -4.9338481045847544 123.32660493745882
iterate 24 1
-6.1460554951871149 -0.14844399386792384 9.7861574211452513 -26.582023404546344 74.879208741784822 -1.4647227748829288 15.519184107863868 -183.47616236434618 -95.86713537332885 51.31944015295602 -740.50193754610791 811.70373305865201 18.353173529315967 -854.69830583651901 996.8102338630539 30.852343921409538 -295.28271621752748 153.53998078874804 1.7566183524554697 -3.4834410978885657 85.600055143789049 3.1403393722260367 -1.5298380904004834 77.994815364624486
w_posture 1 1
0.20000000000000001
J0 3 18
1 0 0 0.0040491641218403009 -0.32273011235258625 0.14339705625529153 0 0 0 0.0040636404299505867 -0.32252015405013756 -0.17911976698036158 0 0 0 0 0 0 0 1 0 0.32214105524836789 0.0035166606735553994 0.14945531660562064 0 0 0 0.32231840220615127 0.0041857379433529089 0.0020144332392991707 0 0 0 0 0 0 0 0 1 -0.14272075712465129 -0.15117743402632464 -0.0006146562355097997 0 0 0 -0.096221097572208758 0.042221312088518231 -0.11526079617816878 0 0 0 0 0 0
bias0 3 1
-0.74730279628135832 0.52439129003416385 2.203672956617829
task0 3 1
64.698149737864924 7.2021757420968786 -151.27677136988953
J1 3 18
1 0 0 0.0044105779841563742 -0.34445510658516104 -0.13229124649926494 0.0043961016760460884 -0.34245246891920178 -0.17177753977705257 0 0 0 0 0 0 0 0 0 0 1 0 0.34490668439837763 0.0036362658443972649 0.19381592424500091 0.34472933744059459 0.0043762172770237459 -0.00096644455616703637 0 0 0 0 0 0 0 0 0 0 0 1 0.13342313064372069 -0.19203165379141157 -0.00069801749093598392 0.086923471091278126 0.0013660313801228674 -0.12595452676685698 0 0 0 0 0 0 0 0 0
bias1 3 1
0.053520814173063716 -0.049755253966913805 1.1787434982813942
task1 3 1
47.559390734109563 -4.7384851399826262 6.2133862406364146
J2 3 18
1 0 0 0.0043260985966989355 -0.34445528184692814 0.13905408951612741 0 0 0 0 0 0 0 0 0 0.0043405749048092204 -0.34438627459283438 -0.17264046737760363 0 1 0 0.34397354958028487 0.005112389032147056 -0.19629011119337586 0 0 0 0 0 0 0 0 0 0.34415089653806824 0.0043716304894529847 0.0018829680301827136 0 0 1 -0.14284693066820855 0.19460099507555595 0.00070534848071846065 0 0 0 0 0 0 0 0 0 -0.09634727111576602 0.0012023817989784691 -0.12475866084180218
bias2 3 1
-0.13898947124990058 -0.071950045592163642 1.1139938589373837
task2 3 1
42.921795304343092 0.92250714169068559 6.7847178801529457
J3 3 18
1 0 0 0.0041362975099127775 -0.32263203043155642 -0.14046159655243715 0 0 0 0 0 0 0.0041218212018024917 -0.3213697017375316 -0.17959108229335868 0 0 0 0 1 0 0.32322793856826093 0.0050003133404083813 -0.23590621454402078 0 0 0 0 0 0 0.32305059161047783 0.0048702334696552468 0.0002245277783716566 0 0 0 0 0 1 0.13622501276969534 0.23775383362451122 0.00094346098967480936 0 0 0 0 0 0 0.089725353217252779 0.04434811890801843 -0.11454253684975207 0 0 0
bias3 3 1
-0.94314840757112206 0.020025662286693752 2.3204535090051706
task3 3 1
64.607196931218894 6.364031598474063 -146.12466521856891
contact 4 1
0 1 1 0
