JointSnapshot {"schema":"joint-shadow-snapshot-v1","id":350,"time":20.100000000000001,"pattern":1,"phase":0.33000763125747667,"period":0.14000000000000001,"duty":0.44,"command_vx":0.72599999999999998,"base_yaw":-0.0035546207800507545,"position":[1.7107870923943451,-0.0040821906145733361,0.36669119939835998],"quaternion_wxyz":[0.99992573261260986,0.006158838514238596,-0.010374575853347778,-0.0017131567001342773],"linear_velocity_world":[0.68654251098632812,-0.080886624753475189,-0.05574793741106987],"angular_velocity_body":[0.24949833750724792,-0.69055485725402832,0.10897047817707062],"q":[0.029375527054071426,0.71546751260757446,-1.2450106143951416,-0.00047412683488801122,0.79314035177230835,-1.4293931722640991,-0.0026562786661088467,0.7950514554977417,-1.4294934272766113,-0.048442739993333817,0.756916344165802,-1.2462159395217896],"dq":[-0.056691493839025497,2.2673614025115967,0.76844847202301025,-0.21233497560024261,-3.5212407112121582,0.83202755451202393,-0.29418793320655823,-3.5408635139465332,1.0874334573745728,-0.17611321806907654,3.1547539234161377,-0.82215946912765503],"measured_valid":true,"measured_contact":[true,false,false,true],"touchdown_reference_valid":true,"touchdown_reference_feet_base":[[0.20707744252838672,-0.14347547552310264,-0.34999941634712739],[0.21696384081081554,0.13845544510504962,-0.34999941634712739],[-0.16983615918918443,-0.14154456513976529,-0.34999941634712739],[-0.17972255747161325,0.13652453472171228,-0.34999941634712739]],"terrain":{"frame":"base_link","source":1,"epoch":350,"registered":true,"map_sequence":278,"state_stamp":20.100000000000001,"map_stamp":20.027999999999778,"age":0.072000000000222997,"width":32,"height":10,"resolution":0.05000000074505806,"origin":[-0.44999998807907104,-0.22499999403953552],"registration_position":[1.7107870923943451,-0.0040821906145733361,0.36669119939835998],"registration_yaw":-0.0035546207800507545,"capture_position":[1.662932378434208,7.8066941907072948e-05,0.36698228133145466],"capture_yaw":0.001732723733531213,"cell_fields":["known","height","has_bounds","min","max","age","slope","roughness","variance","nx","ny","nz"],"cells":[[false,null,false,null,null,0.072000000000222997,null,null,null,0,0,1],[false,null,false,null,null,0.072000000000222997,null,null,null,0,0,1],[false,null,false,null,null,0.072000000000222997,null,null,null,0,0,1],[false,null,false,null,null,0.072000000000222997,null,null,null,0,0,1],[false,null,false,null,null,0.072000000000222997,null,null,null,0,0,1],[false,null,false,null,null,0.072000000000222997,null,null,null,0,0,1],[false,null,false,null,null,0.072000000000222997,null,null,null,0,0,1],[false,null,false,null,null,0.072000000000222997,null,null,null,0,0,1],[false,null,false,null,null,0.072000000000222997,null,null,null,0,0,1],[false,null,false,null,null,0.072000000000222997,null,null,null,0,0,1],[false,null,false,null,null,0.072000000000222997,null,null,null,0,0,1],[false,null,false,null,null,0.072000000000222997,null,null,null,0,0,1],[false,null,false,null,null,0.072000000000222997,null,null,null,0,0,1],[false,null,false,null,null,0.072000000000222997,null,null,null,0,0,1],[false,null,false,null,null,0.072000000000222997,null,null,null,0,0,1],[false,null,false,null,null,0.072000000000222997,null,null,null,0,0,1],[false,null,false,null,null,0.072000000000222997,null,null,null,0,0,1],[false,null,false,null,null,0.072000000000222997,null,null,null,0,0,1],[false,null,false,null,null,0.072000000000222997,null,null,null,0,0,1],[false,null,false,null,null,0.072000000000222997,null,null,null,0,0,1],[false,null,false,null,null,0.072000000000222997,null,null,null,0,0,1],[false,null,false,null,null,0.072000000000222997,null,null,null,0,0,1],[false,null,false,null,null,0.072000000000222997,null,null,null,0,0,1],[false,null,false,null,null,0.072000000000222997,null,null,null,0,0,1],[false,null,false,null,null,0.072000000000222997,null,null,null,0,0,1],[false,null,false,null,null,0.072000000000222997,null,null,null,0,0,1],[false,null,false,null,null,0.072000000000222997,null,null,null,0,0,1],[false,null,false,null,null,0.072000000000222997,null,null,null,0,0,1],[false,null,false,null,null,0.072000000000222997,null,null,null,0,0,1],[false,null,false,null,null,0.072000000000222997,null,null,null,0,0,1],[false,null,false,null,null,0.072000000000222997,null,null,null,0,0,1],[false,null,false,null,null,0.072000000000222997,null,null,null,0,0,1],[true,-0.36669120192527771,true,-0.36669119927494365,-0.36669119927494365,0.072000000000222997,0,0,0,0,0,1],[true,-0.36669120192527771,true,-0.36669119927494365,-0.36669119927494365,0.072000000000222997,0,0,0,0,0,1],[true,-0.36669120192527771,true,-0.36669119927494365,-0.36669119927494365,0.072000000000222997,0,0,0,0,0,1],[false,null,false,null,null,0.072000000000222997,null,null,null,0,0,1],[false,null,false,null,null,0.072000000000222997,null,null,null,0,0,1],[true,-0.36669120192527771,true,-0.36669119927494365,-0.36669119927494365,0.072000000000222997,0,0,0,0,0,1],[true,-0.36669120192527771,true,-0.36669119927494365,-0.36669119927494365,0.072000000000222997,0,0,0,0,0,1],[true,-0.36669120192527771,true,-0.36669119927494365,-0.36669119927494365,0.072000000000222997,0,0,0,0,0,1],[true,-0.36669120192527771,true,-0.36669119927494365,-0.36669119927494365,0.072000000000222997,0,0,0,0,0,1],[true,-0.36669120192527771,true,-0.36669119927494365,-0.36669119927494365,0.072000000000222997,0,0,0,0,0,1],[true,-0.36669120192527771,true,-0.36669119927494365,-0.36669119927494365,0.072000000000222997,0,0,0,0,0,1],[true,-0.36669120192527771,true,-0.36669119927494365,-0.36669119927494365,0.072000000000222997,0,0,0,0,0,1],[true,-0.36669120192527771,true,-0.36669119927494365,-0.36669119927494365,0.072000000000222997,0,0,0,0,0,1],[true,-0.36669120192527771,true,-0.36669119927494365,-0.36669119927494365,0.072000000000222997,0,0,0,0,0,1],[true,-0.36669120192527771,true,-0.36669119927494365,-0.36669119927494365,0.072000000000222997,0,0,0,0,0,1],[true,-0.36669120192527771,true,-0.36669119927494365,-0.36669119927494365,0.072000000000222997,0,0,0,0,0,1],[true,-0.36669120192527771,true,-0.36669119927494365,-0.36669119927494365,0.072000000000222997,0,0,0,0,0,1],[true,-0.36669120192527771,true,-0.36669119927494365,-0.36669119927494365,0.072000000000222997,0,0,0,0,0,1],[true,-0.36669120192527771,true,-0.36669119927494365,-0.36669119927494365,0.072000000000222997,0,0,0,0,0,1],[true,-0.36669120192527771,true,-0.36669119927494365,-0.36669119927494365,0.072000000000222997,0,0,0,0,0,1],[true,-0.36669120192527771,true,-0.36669119927494365,-0.36669119927494365,0.072000000000222997,0,0,0,0,0,1],[true,-0.36669120192527771,true,-0.36669119927494365,-0.36669119927494365,0.072000000000222997,0,0,0,0,0,1],[true,-0.36669120192527771,true,-0.36669119927494365,-0.36669119927494365,0.072000000000222997,0,0,0,0,0,1],[true,-0.36669120192527771,true,-0.36669119927494365,-0.36669119927494365,0.072000000000222997,0,0,0,0,0,1],[true,-0.36669120192527771,true,-0.36669119927494365,-0.36669119927494365,0.072000000000222997,0,0,0,0,0,1],[true,-0.36669120192527771,true,-0.36669119927494365,-0.36669119927494365,0.072000000000222997,0,0,0,0,0,1],[true,-0.36669120192527771,true,-0.36669119927494365,-0.36669119927494365,0.072000000000222997,0,0,0,0,0,1],[true,-0.36669120192527771,true,-0.36669119927494365,-0.36669119927494365,0.072000000000222997,0,0,0,0,0,1],[true,-0.36669120192527771,true,-0.36669119927494365,-0.36669119927494365,0.072000000000222997,0,0,0,0,0,1],[true,-0.36669120192527771,true,-0.36669119927494365,-0.36669119927494365,0.072000000000222997,0,0,0,0,0,1],[true,-0.36669120192527771,true,-0.36669119927494365,-0.36669119927494365,0.072000000000222997,0,0,0,0,0,1],[false,null,false,null,null,0.072000000000222997,null,null,null,0,0,1],[true,-0.36669120192527771,true,-0.36669119927494365,-0.36669119927494365,0.072000000000222997,0,0,0,0,0,1],[true,-0.36669120192527771,true,-0.36669119927494365,-0.36669119927494365,0.072000000000222997,0,0,0,0,0,1],[true,-0.36669120192527771,true,-0.36669119927494365,-0.36669119927494365,0.072000000000222997,0,0,0,0,0,1],[false,null,false,null,null,0.072000000000222997,null,null,null,0,0,1],[false,null,false,null,null,0.072000000000222997,null,null,null,0,0,1],[true,-0.36669120192527771,true,-0.36669119927494365,-0.36669119927494365,0.072000000000222997,0,0,0,0,0,1],[true,-0.36669120192527771,true,-0.36669119927494365,-0.36669119927494365,0.072000000000222997,0,0,0,0,0,1],[true,-0.36669120192527771,true,-0.36669119927494365,-0.36669119927494365,0.072000000000222997,0,0,0,0,0,1],[true,-0.36669120192527771,true,-0.36669119927494365,-0.36669119927494365,0.072000000000222997,0,0,0,0,0,1],[true,-0.36669120192527771,true,-0.36669119927494365,-0.36669119927494365,0.072000000000222997,0,0,0,0,0,1],[true,-0.36669120192527771,true,-0.36669119927494365,-0.36669119927494365,0.072000000000222997,0,0,0,0,0,1],[true,-0.36669120192527771,true,-0.36669119927494365,-0.36669119927494365,0.072000000000222997,0,0,0,0,0,1],[true,-0.36669120192527771,true,-0.36669119927494365,-0.36669119927494365,0.072000000000222997,0,0,0,0,0,1],[true,-0.36669120192527771,true,-0.36669119927494365,-0.36669119927494365,0.072000000000222997,0,0,0,0,0,1],[true,-0.36669120192527771,true,-0.36669119927494365,-0.36669119927494365,0.072000000000222997,0,0,0,0,0,1],[true,-0.36669120192527771,true,-0.36669119927494365,-0.36669119927494365,0.072000000000222997,0,0,0,0,0,1],[true,-0.36669120192527771,true,-0.36669119927494365,-0.36669119927494365,0.072000000000222997,0,0,0,0,0,1],[true,-0.36669120192527771,true,-0.36669119927494365,-0.36669119927494365,0.072000000000222997,0,0,0,0,0,1],[true,-0.36669120192527771,true,-0.36669119927494365,-0.36669119927494365,0.072000000000222997,0,0,0,0,0,1],[true,-0.36669120192527771,true,-0.36669119927494365,-0.36669119927494365,0.072000000000222997,0,0,0,0,0,1],[true,-0.36669120192527771,true,-0.36669119927494365,-0.36669119927494365,0.072000000000222997,0,0,0,0,0,1],[true,-0.36669120192527771,true,-0.36669119927494365,-0.36669119927494365,0.072000000000222997,0,0,0,0,0,1],[true,-0.36669120192527771,true,-0.36669119927494365,-0.36669119927494365,0.072000000000222997,0,0,0,0,0,1],[true,-0.36669120192527771,true,-0.36669119927494365,-0.36669119927494365,0.072000000000222997,0,0,0,0,0,1],[true,-0.36669120192527771,true,-0.36669119927494365,-0.36669119927494365,0.072000000000222997,0,0,0,0,0,1],[true,-0.36669120192527771,true,-0.36669119927494365,-0.36669119927494365,0.072000000000222997,0,0,0,0,0,1],[true,-0.36669120192527771,true,-0.36669119927494365,-0.36669119927494365,0.072000000000222997,0,0,0,0,0,1],[true,-0.36669120192527771,true,-0.36669119927494365,-0.36669119927494365,0.072000000000222997,0,0,0,0,0,1],[true,-0.36669120192527771,true,-0.36669119927494365,-0.36669119927494365,0.072000000000222997,0,0,0,0,0,1],[true,-0.36669120192527771,true,-0.36669119927494365,-0.36669119927494365,0.072000000000222997,0,0,0,0,0,1],[true,-0.36669120192527771,true,-0.36669119927494365,-0.36669119927494365,0.072000000000222997,0,0,0,0,0,1],[false,null,false,null,null,0.072000000000222997,null,null,null,0,0,1],[true,-0.36669120192527771,true,-0.36669119927494365,-0.36669119927494365,0.072000000000222997,0,0,0,0,0,1],[true,-0.36669120192527771,true,-0.36669119927494365,-0.36669119927494365,0.072000000000222997,0,0,0,0,0,1],[true,-0.36669120192527771,true,-0.36669119927494365,-0.36669119927494365,0.072000000000222997,0,0,0,0,0,1],[true,-0.36669120192527771,true,-0.36669119927494365,-0.36669119927494365,0.072000000000222997,0,0,0,0,0,1],[true,-0.36669120192527771,true,-0.36669119927494365,-0.36669119927494365,0.072000000000222997,0,0,0,0,0,1],[true,-0.36669120192527771,true,-0.36669119927494365,-0.36669119927494365,0.072000000000222997,0,0,0,0,0,1],[true,-0.36669120192527771,true,-0.36669119927494365,-0.36669119927494365,0.072000000000222997,0,0,0,0,0,1],[true,-0.36669120192527771,true,-0.36669119927494365,-0.36669119927494365,0.072000000000222997,0,0,0,0,0,1],[true,-0.36669120192527771,true,-0.36669119927494365,-0.36669119927494365,0.072000000000222997,0,0,0,0,0,1],[true,-0.36669120192527771,true,-0.36669119927494365,-0.36669119927494365,0.072000000000222997,0,0,0,0,0,1],[true,-0.36669120192527771,true,-0.36669119927494365,-0.36669119927494365,0.072000000000222997,0,0,0,0,0,1],[true,-0.36669120192527771,true,-0.36669119927494365,-0.36669119927494365,0.072000000000222997,0,0,0,0,0,1],[true,-0.36669120192527771,true,-0.36669119927494365,-0.36669119927494365,0.072000000000222997,0,0,0,0,0,1],[true,-0.36669120192527771,true,-0.36669119927494365,-0.36669119927494365,0.072000000000222997,0,0,0,0,0,1],[true,-0.36669120192527771,true,-0.36669119927494365,-0.36669119927494365,0.072000000000222997,0,0,0,0,0,1],[true,-0.36669120192527771,true,-0.36669119927494365,-0.36669119927494365,0.072000000000222997,0,0,0,0,0,1],[true,-0.36669120192527771,true,-0.36669119927494365,-0.36669119927494365,0.072000000000222997,0,0,0,0,0,1],[true,-0.36669120192527771,true,-0.36669119927494365,-0.36669119927494365,0.072000000000222997,0,0,0,0,0,1],[true,-0.36669120192527771,true,-0.36669119927494365,-0.36669119927494365,0.072000000000222997,0,0,0,0,0,1],[true,-0.36669120192527771,true,-0.36669119927494365,-0.36669119927494365,0.072000000000222997,0,0,0,0,0,1],[true,-0.36669120192527771,true,-0.36669119927494365,-0.36669119927494365,0.072000000000222997,0,0,0,0,0,1],[true,-0.36669120192527771,true,-0.36669119927494365,-0.36669119927494365,0.072000000000222997,0,0,0,0,0,1],[true,-0.36669120192527771,true,-0.36669119927494365,-0.36669119927494365,0.072000000000222997,0,0,0,0,0,1],[true,-0.36669120192527771,true,-0.36669119927494365,-0.36669119927494365,0.072000000000222997,0,0,0,0,0,1],[true,-0.36669120192527771,true,-0.36669119927494365,-0.36669119927494365,0.072000000000222997,0,0,0,0,0,1],[true,-0.36669120192527771,true,-0.36669119927494365,-0.36669119927494365,0.072000000000222997,0,0,0,0,0,1],[true,-0.36669120192527771,true,-0.36669119927494365,-0.36669119927494365,0.072000000000222997,0,0,0,0,0,1],[true,-0.36669120192527771,true,-0.36669119927494365,-0.36669119927494365,0.072000000000222997,0,0,0,0,0,1],[true,-0.36669120192527771,true,-0.36669119927494365,-0.36669119927494365,0.072000000000222997,0,0,0,0,0,1],[true,-0.36669120192527771,true,-0.36669119927494365,-0.36669119927494365,0.072000000000222997,0,0,0,0,0,1],[true,-0.36669120192527771,true,-0.36669119927494365,-0.36669119927494365,0.072000000000222997,0,0,0,0,0,1],[false,null,false,null,null,0.072000000000222997,null,null,null,0,0,1],[true,-0.36669120192527771,true,-0.36669119927494365,-0.36669119927494365,0.072000000000222997,0,0,0,0,0,1],[true,-0.36669120192527771,true,-0.36669119927494365,-0.36669119927494365,0.072000000000222997,0,0,0,0,0,1],[true,-0.36669120192527771,true,-0.36669119927494365,-0.36669119927494365,0.072000000000222997,0,0,0,0,0,1],[true,-0.36669120192527771,true,-0.36669119927494365,-0.36669119927494365,0.072000000000222997,0,0,0,0,0,1],[true,-0.36669120192527771,true,-0.36669119927494365,-0.36669119927494365,0.072000000000222997,0,0,0,0,0,1],[true,-0.36669120192527771,true,-0.36669119927494365,-0.36669119927494365,0.072000000000222997,0,0,0,0,0,1],[true,-0.36669120192527771,true,-0.36669119927494365,-0.36669119927494365,0.072000000000222997,0,0,0,0,0,1],[true,-0.36669120192527771,true,-0.36669119927494365,-0.36669119927494365,0.072000000000222997,0,0,0,0,0,1],[true,-0.36669120192527771,true,-0.36669119927494365,-0.36669119927494365,0.072000000000222997,0,0,0,0,0,1],[true,-0.36669120192527771,true,-0.36669119927494365,-0.36669119927494365,0.072000000000222997,0,0,0,0,0,1],[true,-0.36669120192527771,true,-0.36669119927494365,-0.36669119927494365,0.072000000000222997,0,0,0,0,0,1],[true,-0.36669120192527771,true,-0.36669119927494365,-0.36669119927494365,0.072000000000222997,0,0,0,0,0,1],[true,-0.36669120192527771,true,-0.36669119927494365,-0.36669119927494365,0.072000000000222997,0,0,0,0,0,1],[true,-0.36669120192527771,true,-0.36669119927494365,-0.36669119927494365,0.072000000000222997,0,0,0,0,0,1],[true,-0.36669120192527771,true,-0.36669119927494365,-0.36669119927494365,0.072000000000222997,0,0,0,0,0,1],[true,-0.36669120192527771,true,-0.36669119927494365,-0.36669119927494365,0.072000000000222997,0,0,0,0,0,1],[true,-0.36669120192527771,true,-0.36669119927494365,-0.36669119927494365,0.072000000000222997,0,0,0,0,0,1],[true,-0.36669120192527771,true,-0.36669119927494365,-0.36669119927494365,0.072000000000222997,0,0,0,0,0,1],[true,-0.36669120192527771,true,-0.36669119927494365,-0.36669119927494365,0.072000000000222997,0,0,0,0,0,1],[true,-0.36669120192527771,true,-0.36669119927494365,-0.36669119927494365,0.072000000000222997,0,0,0,0,0,1],[true,-0.36669120192527771,true,-0.36669119927494365,-0.36669119927494365,0.072000000000222997,0,0,0,0,0,1],[true,-0.36669120192527771,true,-0.36669119927494365,-0.36669119927494365,0.072000000000222997,0,0,0,0,0,1],[true,-0.36669120192527771,true,-0.36669119927494365,-0.36669119927494365,0.072000000000222997,0,0,0,0,0,1],[true,-0.36669120192527771,true,-0.36669119927494365,-0.36669119927494365,0.072000000000222997,0,0,0,0,0,1],[true,-0.36669120192527771,true,-0.36669119927494365,-0.36669119927494365,0.072000000000222997,0,0,0,0,0,1],[true,-0.36669120192527771,true,-0.36669119927494365,-0.36669119927494365,0.072000000000222997,0,0,0,0,0,1],[true,-0.36669120192527771,true,-0.36669119927494365,-0.36669119927494365,0.072000000000222997,0,0,0,0,0,1],[true,-0.36669120192527771,true,-0.36669119927494365,-0.36669119927494365,0.072000000000222997,0,0,0,0,0,1],[true,-0.36669120192527771,true,-0.36669119927494365,-0.36669119927494365,0.072000000000222997,0,0,0,0,0,1],[true,-0.36669120192527771,true,-0.36669119927494365,-0.36669119927494365,0.072000000000222997,0,0,0,0,0,1],[true,-0.36669120192527771,true,-0.36669119927494365,-0.36669119927494365,0.072000000000222997,0,0,0,0,0,1],[false,null,false,null,null,0.072000000000222997,null,null,null,0,0,1],[true,-0.36669120192527771,true,-0.36669119927494365,-0.36669119927494365,0.072000000000222997,0,0,0,0,0,1],[true,-0.36669120192527771,true,-0.36669119927494365,-0.36669119927494365,0.072000000000222997,0,0,0,0,0,1],[true,-0.36669120192527771,true,-0.36669119927494365,-0.36669119927494365,0.072000000000222997,0,0,0,0,0,1],[true,-0.36669120192527771,true,-0.36669119927494365,-0.36669119927494365,0.072000000000222997,0,0,0,0,0,1],[true,-0.36669120192527771,true,-0.36669119927494365,-0.36669119927494365,0.072000000000222997,0,0,0,0,0,1],[true,-0.36669120192527771,true,-0.36669119927494365,-0.36669119927494365,0.072000000000222997,0,0,0,0,0,1],[true,-0.36669120192527771,true,-0.36669119927494365,-0.36669119927494365,0.072000000000222997,0,0,0,0,0,1],[true,-0.36669120192527771,true,-0.36669119927494365,-0.36669119927494365,0.072000000000222997,0,0,0,0,0,1],[true,-0.36669120192527771,true,-0.36669119927494365,-0.36669119927494365,0.072000000000222997,0,0,0,0,0,1],[true,-0.36669120192527771,true,-0.36669119927494365,-0.36669119927494365,0.072000000000222997,0,0,0,0,0,1],[true,-0.36669120192527771,true,-0.36669119927494365,-0.36669119927494365,0.072000000000222997,0,0,0,0,0,1],[true,-0.36669120192527771,true,-0.36669119927494365,-0.36669119927494365,0.072000000000222997,0,0,0,0,0,1],[true,-0.36669120192527771,true,-0.36669119927494365,-0.36669119927494365,0.072000000000222997,0,0,0,0,0,1],[true,-0.36669120192527771,true,-0.36669119927494365,-0.36669119927494365,0.072000000000222997,0,0,0,0,0,1],[true,-0.36669120192527771,true,-0.36669119927494365,-0.36669119927494365,0.072000000000222997,0,0,0,0,0,1],[true,-0.36669120192527771,true,-0.36669119927494365,-0.36669119927494365,0.072000000000222997,0,0,0,0,0,1],[true,-0.36669120192527771,true,-0.36669119927494365,-0.36669119927494365,0.072000000000222997,0,0,0,0,0,1],[true,-0.36669120192527771,true,-0.36669119927494365,-0.36669119927494365,0.072000000000222997,0,0,0,0,0,1],[true,-0.36669120192527771,true,-0.36669119927494365,-0.36669119927494365,0.072000000000222997,0,0,0,0,0,1],[true,-0.36669120192527771,true,-0.36669119927494365,-0.36669119927494365,0.072000000000222997,0,0,0,0,0,1],[true,-0.36669120192527771,true,-0.36669119927494365,-0.36669119927494365,0.072000000000222997,0,0,0,0,0,1],[true,-0.36669120192527771,true,-0.36669119927494365,-0.36669119927494365,0.072000000000222997,0,0,0,0,0,1],[true,-0.36669120192527771,true,-0.36669119927494365,-0.36669119927494365,0.072000000000222997,0,0,0,0,0,1],[true,-0.36669120192527771,true,-0.36669119927494365,-0.36669119927494365,0.072000000000222997,0,0,0,0,0,1],[true,-0.36669120192527771,true,-0.36669119927494365,-0.36669119927494365,0.072000000000222997,0,0,0,0,0,1],[true,-0.36669120192527771,true,-0.36669119927494365,-0.36669119927494365,0.072000000000222997,0,0,0,0,0,1],[true,-0.36669120192527771,true,-0.36669119927494365,-0.36669119927494365,0.072000000000222997,0,0,0,0,0,1],[true,-0.36669120192527771,true,-0.36669119927494365,-0.36669119927494365,0.072000000000222997,0,0,0,0,0,1],[true,-0.36669120192527771,true,-0.36669119927494365,-0.36669119927494365,0.072000000000222997,0,0,0,0,0,1],[true,-0.36669120192527771,true,-0.36669119927494365,-0.36669119927494365,0.072000000000222997,0,0,0,0,0,1],[true,-0.36669120192527771,true,-0.36669119927494365,-0.36669119927494365,0.072000000000222997,0,0,0,0,0,1],[false,null,false,null,null,0.072000000000222997,null,null,null,0,0,1],[true,-0.36669120192527771,true,-0.36669119927494365,-0.36669119927494365,0.072000000000222997,0,0,0,0,0,1],[true,-0.36669120192527771,true,-0.36669119927494365,-0.36669119927494365,0.072000000000222997,0,0,0,0,0,1],[true,-0.36669120192527771,true,-0.36669119927494365,-0.36669119927494365,0.072000000000222997,0,0,0,0,0,1],[true,-0.36669120192527771,true,-0.36669119927494365,-0.36669119927494365,0.072000000000222997,0,0,0,0,0,1],[true,-0.36669120192527771,true,-0.36669119927494365,-0.36669119927494365,0.072000000000222997,0,0,0,0,0,1],[true,-0.36669120192527771,true,-0.36669119927494365,-0.36669119927494365,0.072000000000222997,0,0,0,0,0,1],[true,-0.36669120192527771,true,-0.36669119927494365,-0.36669119927494365,0.072000000000222997,0,0,0,0,0,1],[true,-0.36669120192527771,true,-0.36669119927494365,-0.36669119927494365,0.072000000000222997,0,0,0,0,0,1],[true,-0.36669120192527771,true,-0.36669119927494365,-0.36669119927494365,0.072000000000222997,0,0,0,0,0,1],[true,-0.36669120192527771,true,-0.36669119927494365,-0.36669119927494365,0.072000000000222997,0,0,0,0,0,1],[true,-0.36669120192527771,true,-0.36669119927494365,-0.36669119927494365,0.072000000000222997,0,0,0,0,0,1],[true,-0.36669120192527771,true,-0.36669119927494365,-0.36669119927494365,0.072000000000222997,0,0,0,0,0,1],[true,-0.36669120192527771,true,-0.36669119927494365,-0.36669119927494365,0.072000000000222997,0,0,0,0,0,1],[true,-0.36669120192527771,true,-0.36669119927494365,-0.36669119927494365,0.072000000000222997,0,0,0,0,0,1],[true,-0.36669120192527771,true,-0.36669119927494365,-0.36669119927494365,0.072000000000222997,0,0,0,0,0,1],[true,-0.36669120192527771,true,-0.36669119927494365,-0.36669119927494365,0.072000000000222997,0,0,0,0,0,1],[true,-0.36669120192527771,true,-0.36669119927494365,-0.36669119927494365,0.072000000000222997,0,0,0,0,0,1],[true,-0.36669120192527771,true,-0.36669119927494365,-0.36669119927494365,0.072000000000222997,0,0,0,0,0,1],[true,-0.36669120192527771,true,-0.36669119927494365,-0.36669119927494365,0.072000000000222997,0,0,0,0,0,1],[true,-0.36669120192527771,true,-0.36669119927494365,-0.36669119927494365,0.072000000000222997,0,0,0,0,0,1],[true,-0.36669120192527771,true,-0.36669119927494365,-0.36669119927494365,0.072000000000222997,0,0,0,0,0,1],[true,-0.36669120192527771,true,-0.36669119927494365,-0.36669119927494365,0.072000000000222997,0,0,0,0,0,1],[true,-0.36669120192527771,true,-0.36669119927494365,-0.36669119927494365,0.072000000000222997,0,0,0,0,0,1],[true,-0.36669120192527771,true,-0.36669119927494365,-0.36669119927494365,0.072000000000222997,0,0,0,0,0,1],[true,-0.36669120192527771,true,-0.36669119927494365,-0.36669119927494365,0.072000000000222997,0,0,0,0,0,1],[true,-0.36669120192527771,true,-0.36669119927494365,-0.36669119927494365,0.072000000000222997,0,0,0,0,0,1],[true,-0.36669120192527771,true,-0.36669119927494365,-0.36669119927494365,0.072000000000222997,0,0,0,0,0,1],[true,-0.36669120192527771,true,-0.36669119927494365,-0.36669119927494365,0.072000000000222997,0,0,0,0,0,1],[true,-0.36669120192527771,true,-0.36669119927494365,-0.36669119927494365,0.072000000000222997,0,0,0,0,0,1],[true,-0.36669120192527771,true,-0.36669119927494365,-0.36669119927494365,0.072000000000222997,0,0,0,0,0,1],[true,-0.36669120192527771,true,-0.36669119927494365,-0.36669119927494365,0.072000000000222997,0,0,0,0,0,1],[false,null,false,null,null,0.072000000000222997,null,null,null,0,0,1],[true,-0.36669120192527771,true,-0.36669119927494365,-0.36669119927494365,0.072000000000222997,0,0,0,0,0,1],[true,-0.36669120192527771,true,-0.36669119927494365,-0.36669119927494365,0.072000000000222997,0,0,0,0,0,1],[true,-0.36669120192527771,true,-0.36669119927494365,-0.36669119927494365,0.072000000000222997,0,0,0,0,0,1],[true,-0.36669120192527771,true,-0.36669119927494365,-0.36669119927494365,0.072000000000222997,0,0,0,0,0,1],[true,-0.36669120192527771,true,-0.36669119927494365,-0.36669119927494365,0.072000000000222997,0,0,0,0,0,1],[true,-0.36669120192527771,true,-0.36669119927494365,-0.36669119927494365,0.072000000000222997,0,0,0,0,0,1],[true,-0.36669120192527771,true,-0.36669119927494365,-0.36669119927494365,0.072000000000222997,0,0,0,0,0,1],[true,-0.36669120192527771,true,-0.36669119927494365,-0.36669119927494365,0.072000000000222997,0,0,0,0,0,1],[true,-0.36669120192527771,true,-0.36669119927494365,-0.36669119927494365,0.072000000000222997,0,0,0,0,0,1],[true,-0.36669120192527771,true,-0.36669119927494365,-0.36669119927494365,0.072000000000222997,0,0,0,0,0,1],[true,-0.36669120192527771,true,-0.36669119927494365,-0.36669119927494365,0.072000000000222997,0,0,0,0,0,1],[false,null,false,null,null,0.072000000000222997,null,null,null,0,0,1],[false,null,false,null,null,0.072000000000222997,null,null,null,0,0,1],[true,-0.36669120192527771,true,-0.36669119927494365,-0.36669119927494365,0.072000000000222997,0,0,0,0,0,1],[true,-0.36669120192527771,true,-0.36669119927494365,-0.36669119927494365,0.072000000000222997,0,0,0,0,0,1],[true,-0.36669120192527771,true,-0.36669119927494365,-0.36669119927494365,0.072000000000222997,0,0,0,0,0,1],[true,-0.36669120192527771,true,-0.36669119927494365,-0.36669119927494365,0.072000000000222997,0,0,0,0,0,1],[true,-0.36669120192527771,true,-0.36669119927494365,-0.36669119927494365,0.072000000000222997,0,0,0,0,0,1],[true,-0.36669120192527771,true,-0.36669119927494365,-0.36669119927494365,0.072000000000222997,0,0,0,0,0,1],[true,-0.36669120192527771,true,-0.36669119927494365,-0.36669119927494365,0.072000000000222997,0,0,0,0,0,1],[true,-0.36669120192527771,true,-0.36669119927494365,-0.36669119927494365,0.072000000000222997,0,0,0,0,0,1],[true,-0.36669120192527771,true,-0.36669119927494365,-0.36669119927494365,0.072000000000222997,0,0,0,0,0,1],[true,-0.36669120192527771,true,-0.36669119927494365,-0.36669119927494365,0.072000000000222997,0,0,0,0,0,1],[true,-0.36669120192527771,true,-0.36669119927494365,-0.36669119927494365,0.072000000000222997,0,0,0,0,0,1],[true,-0.36669120192527771,true,-0.36669119927494365,-0.36669119927494365,0.072000000000222997,0,0,0,0,0,1],[true,-0.36669120192527771,true,-0.36669119927494365,-0.36669119927494365,0.072000000000222997,0,0,0,0,0,1],[true,-0.36669120192527771,true,-0.36669119927494365,-0.36669119927494365,0.072000000000222997,0,0,0,0,0,1],[true,-0.36669120192527771,true,-0.36669119927494365,-0.36669119927494365,0.072000000000222997,0,0,0,0,0,1],[true,-0.36669120192527771,true,-0.36669119927494365,-0.36669119927494365,0.072000000000222997,0,0,0,0,0,1],[true,-0.36669120192527771,true,-0.36669119927494365,-0.36669119927494365,0.072000000000222997,0,0,0,0,0,1],[true,-0.36669120192527771,true,-0.36669119927494365,-0.36669119927494365,0.072000000000222997,0,0,0,0,0,1],[false,null,false,null,null,0.072000000000222997,null,null,null,0,0,1],[true,-0.36669120192527771,true,-0.36669119927494365,-0.36669119927494365,0.072000000000222997,0,0,0,0,0,1],[true,-0.36669120192527771,true,-0.36669119927494365,-0.36669119927494365,0.072000000000222997,0,0,0,0,0,1],[true,-0.36669120192527771,true,-0.36669119927494365,-0.36669119927494365,0.072000000000222997,0,0,0,0,0,1],[true,-0.36669120192527771,true,-0.36669119927494365,-0.36669119927494365,0.072000000000222997,0,0,0,0,0,1],[true,-0.36669120192527771,true,-0.36669119927494365,-0.36669119927494365,0.072000000000222997,0,0,0,0,0,1],[true,-0.36669120192527771,true,-0.36669119927494365,-0.36669119927494365,0.072000000000222997,0,0,0,0,0,1],[true,-0.36669120192527771,true,-0.36669119927494365,-0.36669119927494365,0.072000000000222997,0,0,0,0,0,1],[true,-0.36669120192527771,true,-0.36669119927494365,-0.36669119927494365,0.072000000000222997,0,0,0,0,0,1],[true,-0.36669120192527771,true,-0.36669119927494365,-0.36669119927494365,0.072000000000222997,0,0,0,0,0,1],[true,-0.36669120192527771,true,-0.36669119927494365,-0.36669119927494365,0.072000000000222997,0,0,0,0,0,1],[true,-0.36669120192527771,true,-0.36669119927494365,-0.36669119927494365,0.072000000000222997,0,0,0,0,0,1],[false,null,false,null,null,0.072000000000222997,null,null,null,0,0,1],[false,null,false,null,null,0.072000000000222997,null,null,null,0,0,1],[true,-0.36669120192527771,true,-0.36669119927494365,-0.36669119927494365,0.072000000000222997,0,0,0,0,0,1],[true,-0.36669120192527771,true,-0.36669119927494365,-0.36669119927494365,0.072000000000222997,0,0,0,0,0,1],[true,-0.36669120192527771,true,-0.36669119927494365,-0.36669119927494365,0.072000000000222997,0,0,0,0,0,1],[true,-0.36669120192527771,true,-0.36669119927494365,-0.36669119927494365,0.072000000000222997,0,0,0,0,0,1],[true,-0.36669120192527771,true,-0.36669119927494365,-0.36669119927494365,0.072000000000222997,0,0,0,0,0,1],[true,-0.36669120192527771,true,-0.36669119927494365,-0.36669119927494365,0.072000000000222997,0,0,0,0,0,1],[true,-0.36669120192527771,true,-0.36669119927494365,-0.36669119927494365,0.072000000000222997,0,0,0,0,0,1],[true,-0.36669120192527771,true,-0.36669119927494365,-0.36669119927494365,0.072000000000222997,0,0,0,0,0,1],[true,-0.36669120192527771,true,-0.36669119927494365,-0.36669119927494365,0.072000000000222997,0,0,0,0,0,1],[true,-0.36669120192527771,true,-0.36669119927494365,-0.36669119927494365,0.072000000000222997,0,0,0,0,0,1],[true,-0.36669120192527771,true,-0.36669119927494365,-0.36669119927494365,0.072000000000222997,0,0,0,0,0,1],[true,-0.36669120192527771,true,-0.36669119927494365,-0.36669119927494365,0.072000000000222997,0,0,0,0,0,1],[true,-0.36669120192527771,true,-0.36669119927494365,-0.36669119927494365,0.072000000000222997,0,0,0,0,0,1],[true,-0.36669120192527771,true,-0.36669119927494365,-0.36669119927494365,0.072000000000222997,0,0,0,0,0,1],[true,-0.36669120192527771,true,-0.36669119927494365,-0.36669119927494365,0.072000000000222997,0,0,0,0,0,1],[true,-0.36669120192527771,true,-0.36669119927494365,-0.36669119927494365,0.072000000000222997,0,0,0,0,0,1],[true,-0.36669120192527771,true,-0.36669119927494365,-0.36669119927494365,0.072000000000222997,0,0,0,0,0,1],[true,-0.36669120192527771,true,-0.36669119927494365,-0.36669119927494365,0.072000000000222997,0,0,0,0,0,1],[false,null,false,null,null,0.072000000000222997,null,null,null,0,0,1],[true,-0.36669120192527771,true,-0.36669119927494365,-0.36669119927494365,0.072000000000222997,0,0,0,0,0,1],[true,-0.36669120192527771,true,-0.36669119927494365,-0.36669119927494365,0.072000000000222997,0,0,0,0,0,1],[true,-0.36669120192527771,true,-0.36669119927494365,-0.36669119927494365,0.072000000000222997,0,0,0,0,0,1],[true,-0.36669120192527771,true,-0.36669119927494365,-0.36669119927494365,0.072000000000222997,0,0,0,0,0,1],[true,-0.36669120192527771,true,-0.36669119927494365,-0.36669119927494365,0.072000000000222997,0,0,0,0,0,1],[true,-0.36669120192527771,true,-0.36669119927494365,-0.36669119927494365,0.072000000000222997,0,0,0,0,0,1],[true,-0.36669120192527771,true,-0.36669119927494365,-0.36669119927494365,0.072000000000222997,0,0,0,0,0,1],[true,-0.36669120192527771,true,-0.36669119927494365,-0.36669119927494365,0.072000000000222997,0,0,0,0,0,1],[true,-0.36669120192527771,true,-0.36669119927494365,-0.36669119927494365,0.072000000000222997,0,0,0,0,0,1],[true,-0.36669120192527771,true,-0.36669119927494365,-0.36669119927494365,0.072000000000222997,0,0,0,0,0,1],[true,-0.36669120192527771,true,-0.36669119927494365,-0.36669119927494365,0.072000000000222997,0,0,0,0,0,1],[true,-0.36669120192527771,true,-0.36669119927494365,-0.36669119927494365,0.072000000000222997,0,0,0,0,0,1],[true,-0.36669120192527771,true,-0.36669119927494365,-0.36669119927494365,0.072000000000222997,0,0,0,0,0,1],[true,-0.36669120192527771,true,-0.36669119927494365,-0.36669119927494365,0.072000000000222997,0,0,0,0,0,1],[true,-0.36669120192527771,true,-0.36669119927494365,-0.36669119927494365,0.072000000000222997,0,0,0,0,0,1],[true,-0.36669120192527771,true,-0.36669119927494365,-0.36669119927494365,0.072000000000222997,0,0,0,0,0,1],[true,-0.36669120192527771,true,-0.36669119927494365,-0.36669119927494365,0.072000000000222997,0,0,0,0,0,1],[true,-0.36669120192527771,true,-0.36669119927494365,-0.36669119927494365,0.072000000000222997,0,0,0,0,0,1],[true,-0.36669120192527771,true,-0.36669119927494365,-0.36669119927494365,0.072000000000222997,0,0,0,0,0,1],[true,-0.36669120192527771,true,-0.36669119927494365,-0.36669119927494365,0.072000000000222997,0,0,0,0,0,1],[true,-0.36669120192527771,true,-0.36669119927494365,-0.36669119927494365,0.072000000000222997,0,0,0,0,0,1],[true,-0.36669120192527771,true,-0.36669119927494365,-0.36669119927494365,0.072000000000222997,0,0,0,0,0,1],[true,-0.36669120192527771,true,-0.36669119927494365,-0.36669119927494365,0.072000000000222997,0,0,0,0,0,1],[true,-0.36669120192527771,true,-0.36669119927494365,-0.36669119927494365,0.072000000000222997,0,0,0,0,0,1],[true,-0.36669120192527771,true,-0.36669119927494365,-0.36669119927494365,0.072000000000222997,0,0,0,0,0,1],[true,-0.36669120192527771,true,-0.36669119927494365,-0.36669119927494365,0.072000000000222997,0,0,0,0,0,1],[true,-0.36669120192527771,true,-0.36669119927494365,-0.36669119927494365,0.072000000000222997,0,0,0,0,0,1],[true,-0.36669120192527771,true,-0.36669119927494365,-0.36669119927494365,0.072000000000222997,0,0,0,0,0,1],[true,-0.36669120192527771,true,-0.36669119927494365,-0.36669119927494365,0.072000000000222997,0,0,0,0,0,1],[true,-0.36669120192527771,true,-0.36669119927494365,-0.36669119927494365,0.072000000000222997,0,0,0,0,0,1],[true,-0.36669120192527771,true,-0.36669119927494365,-0.36669119927494365,0.072000000000222997,0,0,0,0,0,1],[false,null,false,null,null,0.072000000000222997,null,null,null,0,0,1]]}}
JointTerrainQuery id=350 stage=candidate leg=1 event=0 candidate=2 reason=unknown_cells world_x=1.9351885248104483 world_y=0.13783317960309416 local_x=0.2238955604629865 local_y=0.14271213395987647 radius=0.021999999999999999 known=3 total=4 outside=0 age_max=0.072000000000222997 age_limit=0.20000000000000001
JointTerrainQuery id=350 stage=candidate leg=2 event=1 candidate=4 reason=unknown_cells world_x=1.5675483260607193 world_y=-0.16077192995623601 local_x=-0.14268088996955416 local_y=-0.15719790785259596 radius=0.021999999999999999 known=2 total=4 outside=0 age_max=0.072000000000222997 age_limit=0.20000000000000001
JointTerrainQuery id=350 stage=candidate leg=0 event=2 candidate=4 reason=unknown_cells world_x=1.9910075313293309 world_y=-0.16417729827917246 local_x=0.28078774479622254 local_y=-0.1590980209408876 radius=0.021999999999999999 known=2 total=4 outside=0 age_max=0.072000000000222997 age_limit=0.20000000000000001
JointTerrainQuery id=350 stage=candidate leg=2 event=5 candidate=4 reason=unknown_cells world_x=1.6691876839339816 world_y=-0.16113322085148105 local_x=-0.041040889969553698 local_y=-0.15719790785259594 radius=0.021999999999999999 known=2 total=4 outside=0 age_max=0.072000000000222997 age_limit=0.20000000000000001
JointTerrainQuery id=350 stage=candidate leg=0 event=6 candidate=4 reason=unknown_cells world_x=2.0926468892025931 world_y=-0.16453858917441749 local_x=0.38242774479622282 local_y=-0.15909802094088762 radius=0.021999999999999999 known=2 total=4 outside=0 age_max=0.072000000000222997 age_limit=0.20000000000000001
JointSelectedFoot id=350 event=0 leg=1 touchdown=20.129398932000001 x=1.9551885248104484 y=0.13783317960309416 z=-2.5269177306164181e-09 source_time=20.028000000000002 selected_sequence=278 history_used=0
JointSelectedFoot id=350 event=1 leg=2 touchdown=20.129398932000001 x=1.5675483260607193 y=-0.14077192995623602 z=-2.5269177306164181e-09 source_time=20.028000000000002 selected_sequence=278 history_used=0
JointSelectedFoot id=350 event=2 leg=0 touchdown=20.193798932 x=1.9910075313293309 y=-0.14417729827917247 z=-2.5269177306164181e-09 source_time=20.028000000000002 selected_sequence=278 history_used=0
JointSelectedFoot id=350 event=3 leg=3 touchdown=20.193798932 x=1.6051756198654026 y=0.13709853818883239 z=-2.5269177306164181e-09 source_time=20.028000000000002 selected_sequence=278 history_used=0
JointSelectedFoot id=350 event=4 leg=1 touchdown=20.269398932000001 x=2.0568278826837108 y=0.13747188870784913 z=-2.5269177306164181e-09 source_time=20.028000000000002 selected_sequence=278 history_used=0
JointSelectedFoot id=350 event=5 leg=2 touchdown=20.269398932000001 x=1.6691876839339816 y=-0.14113322085148106 z=-2.5269177306164181e-09 source_time=20.028000000000002 selected_sequence=278 history_used=0
JointSelectedFoot id=350 event=6 leg=0 touchdown=20.333798932000001 x=2.0926468892025931 y=-0.1445385891744175 z=-2.5269177306164181e-09 source_time=20.028000000000002 selected_sequence=278 history_used=0
JointSelectedFoot id=350 event=7 leg=3 touchdown=20.333798932000001 x=1.7068149777386648 y=0.13673724729358736 z=-2.5269177306164181e-09 source_time=20.028000000000002 selected_sequence=278 history_used=0
JointShadow id=350 state=20.100000000000001 phase=0.33000763125747667 period=0.14000000000000001 clock=0 epoch=1 phase_residual_ns=0 anchor_source=force_conditioned_geometry_estimate command_authority=0 events=8 combinations=2 feasible=1 failure=none detail=reduced_proposal_only history_candidates=0 history_selected=0 history_initial_queries=0 terrain_query_error=none residual=1.8873791418627661e-15 anchor_gap_m=0.0066722152413490957 qp_iterations=0 scp_iterations=2 solver_detail=original_continuous_centroidal_certificate elapsed_us=1909.7360000000001
