H 24 24
354.00000779807687 -5.3576895931193552e-08 -2.5848243253804693e-06 2.1958256895985895 -122.00549765406656 1.5359425782669438 0.97465255849447952 -54.927446991072188 -29.816906549191255 0.10270116154464262 -5.6001257946275702 -2.8076563579880784 0.098227244235322433 -5.5732995771795109 -2.8172362125278672 1.0201569274726989 -55.507372433683734 -30.073578915975485 -8.2912314508607683e-06 -7.3120955479927768e-10 -5.8211793263784052e-07 -8.1984728321143673e-06 2.2800660683086535e-08 -5.6940882286526822e-07 -5.3576895931193552e-08 354.00000726219679 6.4836331307019144e-08 121.97795458182267 2.2444908252704057 -13.498749814269786 55.390225126515993 1.2020747120794879 -0.00061670382062342156 5.5731059298838836 0.101348939787766 0.017649802625061262 5.5920028594204441 0.10149192939603904 0.026681565301580241 55.417737338512381 1.0323710961927377 0.45817132793813647 4.8177505222287618e-08 -7.0581797496909398e-06 1.938402870427636e-06 4.2343526653089752e-08 -7.2500984497069337e-06 -1.7792022640613438e-06 -2.5848243253804693e-06 6.4836331307019144e-08 354.00001093863955 -2.2460900231770808 13.280131356982032 0.054390598887079242 13.498071567187514 6.5104995733815638 -16.516863073500627 -1.6369816463033653 0.03239303098393264 -1.9398063706346214 1.4726814662452123 0.097348509391273777 -1.9257628851032838 -15.579842686494644 6.656215926510157 -16.038223497147143 1.8476100788060097e-06 8.1032384390167611e-06 -2.7524636067859591e-06 1.6539368771290336e-06 -7.9963385376202639e-06 -2.4970895356533038e-06 2.1958256895985895 121.97795458182267 -2.2460900231770808 129.28177039752364 -7.6884535717836888 -4.8179597527133309 21.001090167155489 0.94447466841557481 -2.3442017715494434 2.2301383708757538 -0.010560893212096242 0.2800602204671821 2.2116291647821802 0.020458980549964898 -0.27791496367337398 21.483103455949639 -0.96448137860867411 2.2753281232684719 -2.9379924693234347e-07 -2.8996990711166911e-06 8.7052202909920634e-07 2.0323364806765811e-07 -2.8862036835763991e-06 -7.8482125360771967e-07 -122.00549765406656 2.2444908252704057 13.280131356982032 -7.6884535717836888 138.15347925115992 -0.6402179357401806 -2.1519372847814355 18.060118610930019 12.869715557804644 0.38006512873179443 2.0165421934935401 1.3943885113671712 0.39444588332283786 2.0920466801057902 0.61312059898696936 -3.7185054450010115 20.969705903525416 6.6874202264433436 2.0907138712288964e-06 -1.3595499084063758e-06 6.5809178781533333e-07 2.7552245846005766e-06 -1.8388353453993155e-06 -3.7571697505376379e-07 1.5359425782669438 -13.498749814269786 0.054390598887079242 -4.8179597527133291 -0.6402179357401806 102.73315206929921 8.4631712881034638 7.3350093557336677 3.8854529345823137 1.1161341533624318 -0.87752503282605387 -0.43371630420587454 -1.2207090765230417 0.8282575087148476 0.41145248002058771 -13.17570637611316 -7.9622878285615606 -4.3006555822754633 -1.2191172909616968e-06 -9.9556919646867424e-07 1.86785204331429e-07 1.1667924446183812e-06 1.7573831574238041e-06 5.1316180560448936e-07 0.97465255849447952 55.390225126515993 13.498071567187514 21.001090167155489 -2.1519372847814355 8.4631712881034638 20.722126076440468 0.63031128950890625 -1.5754030716624821 0.0090059710934323276 -0.0050901043348266064 -0.0011054479855390723 0.0049071034836752851 -0.0016851083564245906 -0.00097261898410742854 0.010849773174348421 -0.0074730719586216 -0.00025991451178913655 0 0 0 0 0 0 -54.927446991072188 1.2020747120794879 6.5104995733815638 0.94447466841557481 18.060118610930019 7.3350093557336677 0.63031128950890636 19.525575007912376 9.5628853104056866 0.0056707989758936744 0.0010727560258412131 0.0013725289180265973 0.002803674554851943 0.0061438107244427605 0.00074326732322772273 -0.0041641796705819151 0.0032076144758921505 0.00031461794908182236 0 0 0 0 0 0 -29.816906549191255 -0.00061670382062342156 -16.516863073500627 -2.3442017715494434 12.869715557804643 3.8854529345823137 -1.5754030716624821 9.5628853104056883 7.660834196764374 0.0012813928405094295 0.0013888284255058642 0.00086692818514878356 0.00064639504114458049 0.0032096742717289293 0.00050877274253004309 -0.0036857978133040003 0.0028175358582279127 0.00021109298488322323 0 0 0 0 0 0 0.10270116154464262 5.5731059298838836 -1.6369816463033653 2.2301383708757538 0.38006512873179443 1.1161341533624318 0.0090059710934323276 0.0056707989758936744 0.0012813928405094295 2.512727858025801 -0.0037183237514900945 0.18674042414016859 0.01142274963128443 0.0076314452867866219 0.00010839894014802524 0.0041381380844429088 0.0016582975501544354 0.00090479565144333451 -2.2090476474966246e-07 -3.263230458391057e-06 9.4573286601709684e-07 0 0 0 -5.6001257946275702 0.101348939787766 0.03239303098393264 -0.010560893212096242 2.0165421934935401 -0.87752503282605387 -0.0050901043348266064 0.0010727560258412131 0.0013888284255058642 -0.0037183237514900945 2.3566140451759932 0.97809541886071771 0.0050010281247830643 0.0034120046864425605 0.00026175789485834703 -0.0024535082732762841 0.0071290180571085479 0.0010422356431653238 3.2032924124944499e-06 1.8375366720497525e-07 1.2605290724658649e-07 0 0 0 -2.8076563579880784 0.017649802625061262 -1.9398063706346214 0.2800602204671821 1.3943885113671712 -0.43371630420587454 -0.0011054479855390723 0.0013725289180265973 0.00086692818514878356 0.18674042414016859 0.97809541886071771 1.127277502292853 0.0038564166646693093 0.002776790126629864 0.00016170449958665808 -0.00071217723982479916 0.0035417881816516886 0.00060187677388547501 1.2694903362675701e-06 -1.630579452927971e-07 4.3264651871905773e-07 0 0 0 0.098227244235322433 5.5920028594204441 1.4726814662452123 2.2116291647821802 0.39444588332283786 -1.2207090765230417 0.0049071034836752851 0.002803674554851943 0.00064639504114458049 0.01142274963128443 0.0050010281247830643 0.0038564166646693093 2.498851499386384 0.014893796201697789 -0.18414570848590242 0.010134263572888418 0.0073924136744648056 0.0023181104922213752 0 0 0 1.127120389672165e-07 -3.2544599116322647e-06 -8.507477966950436e-07 -5.5732995771795109 0.10149192939603904 0.097348509391273777 0.020458980549964898 2.0920466801057902 0.8282575087148476 -0.0016851083564245906 0.0061438107244427605 0.0032096742717289293 0.0076314452867866219 0.0034120046864425605 0.002776790126629864 0.014893796201697789 2.3439730040141655 0.96814909640952596 -0.0078637069947218481 0.0075058793760258953 0.00079127575176035365 0 0 0 3.1653565964069946e-06 -3.0384715076417406e-07 9.5475217083610668e-08 -2.8172362125278672 0.026681565301580241 -1.9257628851032838 -0.27791496367337398 0.61312059898696936 0.41145248002058771 -0.00097261898410742854 0.00074326732322772273 0.00050877274253004309 0.00010839894014802524 0.00026175789485834703 0.00016170449958665808 -0.18414570848590242 0.96814909640952596 1.1262708864531115 -0.0023095546327619662 0.00077533271461792961 -5.0587576435150069e-05 0 0 0 1.2670687969828909e-06 1.283281868496268e-07 4.1873379277447011e-07 1.0201569274726989 55.417737338512381 -15.579842686494644 21.483103455949635 -3.7185054450010111 -13.175706376113158 0.010849773174348421 -0.0041641796705819151 -0.0036857978133040003 0.0041381380844429088 -0.0024535082732762841 -0.00071217723982479916 0.010134263572888418 -0.0078637069947218481 -0.0023095546327619662 21.127116479296529 -0.64951325882025213 1.5276912331224546 0 0 0 0 0 0 -55.507372433683734 1.0323710961927377 6.656215926510157 -0.96448137860867422 20.969705903525416 -7.9622878285615606 -0.0074730719586216 0.0032076144758921505 0.0028175358582279127 0.0016582975501544354 0.0071290180571085479 0.0035417881816516886 0.0073924136744648056 0.0075058793760258953 0.00077533271461792961 -0.64951325882025224 19.942711672325842 9.7674717484233113 0 0 0 0 0 0 -30.073578915975485 0.45817132793813647 -16.038223497147143 2.2753281232684719 6.6874202264433453 -4.3006555822754633 -0.00025991451178913655 0.00031461794908182236 0.00021109298488322323 0.00090479565144333451 0.0010422356431653238 0.00060187677388547501 0.0023181104922213752 0.00079127575176035365 -5.0587576435150069e-05 1.5276912331224548 9.7674717484233113 7.6600229595864509 0 0 0 0 0 0 -8.2912314508607683e-06 4.8177505222287618e-08 1.8476100788060097e-06 -2.9379924693234347e-07 2.0907138712288964e-06 -1.2191172909616968e-06 0 0 0 -2.2090476474966246e-07 3.2032924124944499e-06 1.2694903362675701e-06 0 0 0 0 0 0 0.00025535882055600722 -5.4859136273306839e-08 4.5085952510171881e-06 0 0 0 -7.3120955479927768e-10 -7.0581797496909398e-06 8.1032384390167611e-06 -2.8996990711166911e-06 -1.3595499084063758e-06 -9.9556919646867424e-07 0 0 0 -3.263230458391057e-06 1.8375366720497525e-07 -1.630579452927971e-07 0 0 0 0 0 0 -5.4859136273306839e-08 0.00024733005795327985 -7.5284270077018024e-06 0 0 0 -5.8211793263784052e-07 1.938402870427636e-06 -2.7524636067859591e-06 8.7052202909920634e-07 6.5809178781533333e-07 1.86785204331429e-07 0 0 0 9.4573286601709684e-07 1.2605290724658649e-07 4.3264651871905773e-07 0 0 0 0 0 0 4.5085952510171881e-06 -7.5284270077018024e-06 0.00022499862794376468 0 0 0 -8.1984728321143673e-06 4.2343526653089752e-08 1.6539368771290336e-06 2.0323364806765811e-07 2.7552245846005766e-06 1.1667924446183812e-06 0 0 0 0 0 0 1.127120389672165e-07 3.1653565964069946e-06 1.2670687969828909e-06 0 0 0 0 0 0 0.00025515837514325019 -9.4812926365302771e-08 4.4466062990021811e-06 2.2800660683086535e-08 -7.2500984497069337e-06 -7.9963385376202639e-06 -2.8862036835763991e-06 -1.8388353453993155e-06 1.7573831574238041e-06 0 0 0 0 0 0 -3.2544599116322647e-06 -3.0384715076417406e-07 1.283281868496268e-07 0 0 0 0 0 0 -9.4812926365302771e-08 0.0002475025470255005 6.716728099883014e-06 -5.6940882286526822e-07 -1.7792022640613438e-06 -2.4970895356533038e-06 -7.8482125360771967e-07 -3.7571697505376379e-07 5.1316180560448936e-07 0 0 0 0 0 0 -8.507477966950436e-07 9.5475217083610668e-08 4.1873379277447011e-07 0 0 0 0 0 0 4.4466062990021811e-06 6.716728099883014e-06 0.00022456785190869008
g 24 1
-34314.722391670577 -47.390114565920882 19574.540131735641 -364.2152202734066 12775.803097868031 -392.29974998978088 520.57280597919339 6539.3340924229196 2373.8976180553432 -3.7163279719675755 -339.45633383979424 -194.47315531966547 85.449902008429447 -361.70585104407735 -223.88930878315293 -965.8639705066463 6784.3417476465402 2491.2849461982833 -0.0014839918469441631 -0.00030855803686846435 -0.015637768447342867 -0.00087562225485003143 0.0003468577410461692 -0.013668531915453162
Aineq 36 24
0 0 0 0 0 0 0 0 0 0 0 0 0 0 0 0 0 0 -0 -0 -1 0 0 0 0 0 0 0 0 0 0 0 0 0 0 0 0 0 0 0 0 0 0 0 1 0 0 0 0 0 0 0 0 0 0 0 0 0 0 0 0 0 0 0 0 0 1 0 -0.56568542494923801 0 0 0 0 0 0 0 0 0 0 0 0 0 0 0 0 0 0 0 0 0 -1 -0 -0.56568542494923801 0 0 0 0 0 0 0 0 0 0 0 0 0 0 0 0 0 0 0 0 0 0 1 -0.56568542494923801 0 0 0 0 0 0 0 0 0 0 0 0 0 0 0 0 0 0 0 0 0 -0 -1 -0.56568542494923801 0 0 0 0 0 0 0 0 0 0 0 0 0 0 0 0 0 0 0 0 0 0 0 0 -0 -0 -1 0 0 0 0 0 0 0 0 0 0 0 0 0 0 0 0 0 0 0 0 0 0 0 1 0 0 0 0 0 0 0 0 0 0 0 0 0 0 0 0 0 0 0 0 0 1 0 -0.56568542494923801 0 0 0 0 0 0 0 0 0 0 0 0 0 0 0 0 0 0 0 0 0 -1 -0 -0.56568542494923801 0 0 0 0 0 0 0 0 0 0 0 0 0 0 0 0 0 0 0 0 0 0 1 -0.56568542494923801 0 0 0 0 0 0 0 0 0 0 0 0 0 0 0 0 0 0 0 0 0 -0 -1 -0.56568542494923801 0.0015471469344358608 0.09516592723566239 0.10549822185655278 0.037245467502271333 -0.016385854865388769 0.011156261039301799 0.042322862517822232 0.0042881730639945876 -0.0017235125591960616 0 0 0 0 0 0 0 0 0 0 0 0 0 0 0 -0.0015471469344358608 -0.09516592723566239 -0.10549822185655278 -0.037245467502271333 0.016385854865388769 -0.011156261039301799 -0.042322862517822232 -0.0042881730639945876 0.0017235125591960616 -0 -0 -0 -0 -0 -0 -0 -0 -0 -0 -0 -0 -0 -0 -0 -0.09165126954397429 0.0031243288832215801 0.045201886469383529 0.0063969047733669895 0.019655986193994369 0.012400868792876831 0.0042881730639945876 0.038188214869434314 0.0082583396255017961 0 0 0 0 0 0 0 0 0 0 0 0 0 0 0 0.09165126954397429 -0.0031243288832215801 -0.045201886469383529 -0.0063969047733669895 -0.019655986193994369 -0.012400868792876831 -0.0042881730639945876 -0.038188214869434314 -0.0082583396255017961 -0 -0 -0 -0 -0 -0 -0 -0 -0 -0 -0 -0 -0 -0 -0 -0.02895189921404874 -6.9058841526049787e-05 -0.018139342645451542 -0.0025650067417891677 0.011834085315300006 0.003768182260630392 -0.0017235125591960616 0.0082583396255017961 0.016326302457873292 0 0 0 0 0 0 0 0 0 0 0 0 0 0 0 0.02895189921404874 6.9058841526049787e-05 0.018139342645451542 0.0025650067417891677 -0.011834085315300006 -0.003768182260630392 0.0017235125591960616 -0.0082583396255017961 -0.016326302457873292 -0 -0 -0 -0 -0 -0 -0 -0 -0 -0 -0 -0 -0 -0 -0 0.0018862567755779775 0.095459117195883486 -0.11017458146967785 0.03931022000124211 0.01794795690738811 0.013741995475573495 0 0 0 0.044204154670665158 -0.0032214900460601132 0.0019864512139985907 0 0 0 0 0 0 -0.0067986616072346212 -0.3695307942125084 0.101405630970342 0 0 0 -0.0018862567755779775 -0.095459117195883486 0.11017458146967785 -0.03931022000124211 -0.01794795690738811 -0.013741995475573495 -0 -0 -0 -0.044204154670665158 0.0032214900460601132 -0.0019864512139985907 -0 -0 -0 -0 -0 -0 0.0067986616072346212 0.3695307942125084 -0.101405630970342 -0 -0 -0 -0.097286582486004664 0.0023271460374616549 0.033976724548637399 -0.0048085004893608681 0.021868637960630086 -0.014044738580179938 0 0 0 -0.0032214900460601132 0.038592806848511303 0.0084606356150402923 0 0 0 0 0 0 0.37120137287093663 -0.0067110511989408924 -0.0017452497120702126 0 0 0 0.097286582486004664 -0.0023271460374616549 -0.033976724548637399 0.0048085004893608681 -0.021868637960630086 0.014044738580179938 -0 -0 -0 0.0032214900460601132 -0.038592806848511303 -0.0084606356150402923 -0 -0 -0 -0 -0 -0 -0.37120137287093663 0.0067110511989408924 0.0017452497120702126 -0 -0 -0 -0.027023725693204562 0.0001320253707263612 -0.020903440094708056 0.0029565712887923627 0.012460975682878274 -0.0039986537984142752 0 0 0 0.0019864512139985907 0.0084606356150402923 0.016326302457873303 0 0 0 0 0 0 0.19724964324205591 -0.0014978941475369571 0.12106606390633477 0 0 0 0.027023725693204562 -0.0001320253707263612 0.020903440094708056 -0.0029565712887923627 -0.012460975682878274 0.0039986537984142752 -0 -0 -0 -0.0019864512139985907 -0.0084606356150402923 -0.016326302457873303 -0 -0 -0 -0 -0 -0 -0.19724964324205591 0.0014978941475369571 -0.12106606390633477 -0 -0 -0 0.0015907628787521918 0.097750423383439894 0.10733040263669663 0.038855366155206406 0.024137188881257009 -0.023966791243227446 0 0 0 0 0 0 0.043847104474278344 0.0033554487108078531 -0.0019734401011398612 0 0 0 0 0 0 -0.0065214775900530814 -0.37069301626467072 -0.091160251429898503 -0.0015907628787521918 -0.097750423383439894 -0.10733040263669663 -0.038855366155206406 -0.024137188881257009 0.023966791243227446 -0 -0 -0 -0 -0 -0 -0.043847104474278344 -0.0033554487108078531 0.0019734401011398612 -0 -0 -0 -0 -0 -0 0.0065214775900530814 0.37069301626467072 0.091160251429898503 -0.096378068038466186 0.0021753178702724851 0.035392291518816232 0.0050081927363371647 0.035359821035126339 0.013323383209119985 0 0 0 0 0 0 0.0033554487108078531 0.038407937008783213 0.0083682006951762387 0 0 0 0 0 0 0.36953365694990298 -0.0067211016369972364 -0.0057933301378266799 0.096378068038466186 -0.0021753178702724851 -0.035392291518816232 -0.0050081927363371647 -0.035359821035126339 -0.013323383209119985 -0 -0 -0 -0 -0 -0 -0.0033554487108078531 -0.038407937008783213 -0.0083682006951762387 -0 -0 -0 -0 -0 -0 -0.36953365694990298 0.0067211016369972364 0.0057933301378266799 -0.027127002936121886 0.00022917307482694092 -0.020768393780900195 -0.0029372560339452369 0.0043815694373087145 0.003812123654991405 0 0 0 0 0 0 -0.0019734401011398612 0.0083682006951762387 0.016326302457873289 0 0 0 0 0 0 0.19784898894744168 -0.0020614589223022254 0.1201894563953185 0.027127002936121886 -0.00022917307482694092 0.020768393780900195 0.0029372560339452369 -0.0043815694373087145 -0.003812123654991405 -0 -0 -0 -0 -0 -0 0.0019734401011398612 -0.0083682006951762387 -0.016326302457873289 -0 -0 -0 -0 -0 -0 -0.19784898894744168 0.0020614589223022254 -0.1201894563953185 0.0018270786039314248 0.092266241883606187 -0.10901714481156279 0.037902324264873194 -0.02527231197120082 -0.025032470338606075 0 0 0 0 0 0 0 0 0 0.042849510102864093 -0.0042516996866198108 0.0016783894049585389 0 0 0 0 0 0 -0.0018270786039314248 -0.092266241883606187 0.10901714481156279 -0.037902324264873194 0.02527231197120082 0.025032470338606075 -0 -0 -0 -0 -0 -0 -0 -0 -0 -0.042849510102864093 0.0042516996866198108 -0.0016783894049585389 -0 -0 -0 -0 -0 -0 -0.092823410136254531 0.0018999774885272997 0.044836955095205855 -0.0063433229982719948 0.037293828624031862 -0.013173682944571654 0 0 0 0 0 0 0 0 0 -0.0042516996866198108 0.03860608453598114 0.0084672744587752057 0 0 0 0 0 0 0.092823410136254531 -0.0018999774885272997 -0.044836955095205855 0.0063433229982719948 -0.037293828624031862 0.013173682944571654 -0 -0 -0 -0 -0 -0 -0 -0 -0 0.0042516996866198108 -0.03860608453598114 -0.0084672744587752057 -0 -0 -0 -0 -0 -0 -0.02923428985292785 0.00043464889473125777 -0.017675416995545964 0.0024982013798731757 0.0050538894189910239 -0.0041548945832464955 0 0 0 0 0 0 0 0 0 0.0016783894049585389 0.0084672744587752057 0.016326302457873292 0 0 0 0 0 0 0.02923428985292785 -0.00043464889473125777 0.017675416995545964 -0.0024982013798731757 -0.0050538894189910239 0.0041548945832464955 -0 -0 -0 -0 -0 -0 -0 -0 -0 -0.0016783894049585389 -0.0084672744587752057 -0.016326302457873292 -0 -0 -0 -0 -0 -0
bineq 36 1
-0 180 0 0 0 0 -0 180 0 0 0 0 33.953670105874657 36.046329894125343 34.167034942107975 35.832965057892025 35.438799039092693 34.561200960907307 35.858642718738928 34.141357281261072 34.401055787082043 35.598944212917957 35.423732662131286 34.576267337868714 34.160052879651168 35.839947120348832 34.370879866100729 35.629120133899271 34.996828822402286 35.003171177597714 36.299507237130086 33.700492762869914 34.176857972823775 35.823142027176225 35.443587958326248 34.556412041673752
Aeq 15 24
15.206408000000003 0 0 0.007518847573159607 -0.41781563374616087 0.0046526688650333284 0.0015471469344358608 -0.09165126954397429 -0.02895189921404874 0.0018862567755779775 -0.097286582486004664 -0.027023725693204562 0.0015907628787521918 -0.096378068038466186 -0.027127002936121886 0.0018270786039314248 -0.092823410136254531 -0.02923428985292785 -1 0 0 -1 0 0 0 15.206408000000003 0 0.41777352175002974 0.0075628691258719403 -0.013994983192389907 0.09516592723566239 0.0031243288832215801 -6.9058841526049787e-05 0.095459117195883486 0.0023271460374616549 0.0001320253707263612 0.097750423383439894 0.0021753178702724851 0.00022917307482694092 0.092266241883606187 0.0018999774885272997 0.00043464889473125777 0 -1 0 0 -1 0 0 0 15.206408000000003 -0.0065054836046361739 0.013262390611070008 6.0914733921878085e-05 0.10549822185655278 0.045201886469383529 -0.018139342645451542 -0.11017458146967785 0.033976724548637399 -0.020903440094708056 0.10733040263669663 0.035392291518816232 -0.020768393780900195 -0.10901714481156279 0.044836955095205855 -0.017675416995545964 0 0 -1 0 0 -1 0.007518847573159607 0.41777352175002974 -0.0065054836046361739 0.21599754126748946 0.00063227420231913546 -0.021832136926338515 0.037245467502271333 0.0063969047733669895 -0.0025650067417891677 0.03931022000124211 -0.0048085004893608681 0.0029565712887923627 0.038855366155206406 0.0050081927363371647 -0.0029372560339452369 0.037902324264873194 -0.0063433229982719948 0.0024982013798731757 -0.0068674115033476452 -0.36935125556051684 0.14790523354202248 -0.0064527276939400583 -0.37087255491666249 -0.13765985400157896 -0.41781563374616087 0.0075628691258719403 0.013262390611070008 0.00063227420231913546 0.52378326128382047 -0.00085617532596139409 -0.016385854865388769 0.019655986193994369 0.011834085315300006 0.01794795690738811 0.021868637960630086 0.012460975682878274 0.024137188881257009 0.035359821035126339 0.0043815694373087145 -0.02527231197120082 0.037293828624031862 0.0050538894189910239 0.36963665764135495 -0.0059109079582789882 0.1916508008556751 0.37063322630493101 -0.0074275066693683155 -0.1991908669698991 0.0046526688650333284 -0.013994983192389907 6.0914733921878085e-05 -0.021832136926338515 -0.00085617532596139409 0.52856372083948777 0.011156261039301799 0.012400868792876831 0.003768182260630392 0.013741995475573495 -0.014044738580179938 -0.0039986537984142752 -0.023966791243227446 0.013323383209119985 0.003812123654991405 -0.025032470338606075 -0.013173682944571654 -0.0041548945832464955 -0.14989910313755589 -0.18841510706259515 0.00050585908841866843 0.142649501955324 0.19723273077249909 -0.00055062320440388453 1 0 0 0.00049445257375440698 -0.027476287216952267 0.00030596764633918647 0.00010174308978398189 -0.0060271478671343219 -0.0019039275556757876 0.00012404354635085267 -0.0063977359075203461 -0.0017771274908054916 0.00010461135060641485 -0.0063379904076272435 -0.0017839191830261215 0.00012015188622661081 -0.0061042298836289617 -0.0019224980582480656 0 0 0 0 0 0 0 1 0 0.027473517858394279 0.00049734750809474117 -0.00092033458476123789 0.0062582779072916069 0.00020546133467032969 -4.5414302658490957e-06 0.0062775585921332278 0.00015303719573101385 8.682219412129498e-06 0.0064282388966177863 0.00014305270977028132 1.5070822433998942e-05 0.0060675895243377763 0.00012494584444448019 2.8583271916106548e-05 0 0 0 0 0 0 0 0 1 -0.0004278119858835978 0.00087215801463895535 4.005859498303488e-06 0.0069377476821977117 0.0029725551536814976 -0.0011928749146709423 -0.0072452732735882016 0.0022343688626950803 -0.0013746467998693741 0.0070582350964604268 0.0023274590237757826 -0.001365765917953812 -0.0071691582135348965 0.0029485566279167188 -0.0011623663521027423 0 0 0 0 0 0 2.8284271247461903 0 0 0.018305757864925644 -0.98327546411988231 0.42421894442597347 0 0 0 0.018111303793936086 -0.98770964895525859 -0.49569985847641679 0 0 0 0 0 0 0 0 0 0 0 0 0 2.8284271247461903 0 0.98246783577205998 0.015599995019575163 0.5330103993033235 0 0 0 0.98297564776529323 0.017862031485762094 0.0031169966760093309 0 0 0 0 0 0 0 0 0 0 0 0 0 0 2.8284271247461903 -0.41833917444217644 -0.54207032361952179 -0.0014307855669827433 0 0 0 -0.28681843723851763 0.0049363116250748683 -0.342426539038933 0 0 0 0 0 0 0 0 0 0 0 0 2.8284271247461903 0 0 0.017132854930204149 -0.98609418595961318 -0.40323346552538947 0 0 0 0 0 0 0.017327309001193707 -0.98298852444243034 -0.49739095256122451 0 0 0 0 0 0 0 0 0 0 2.8284271247461903 0 0.98677072013584133 0.019889583951375328 -0.55776640582917714 0 0 0 0 0 0 0.98626290814260742 0.01789081648918675 0.004711356643317407 0 0 0 0 0 0 0 0 0 0 0 2.8284271247461903 0.38936086504666628 0.56339685113937255 0.001557397606850613 0 0 0 0 0 0 0.25784012784300758 0.016386012104438567 -0.33994711857701831 0 0 0 0 0 0 0 0 0
beq 15 1
-0.46678632862684366 -0.077371209120712936 -150.02392021632073 0.040923180708883997 -0.11467226302095938 0.0041502882887540114 0.86340975465040837 -0.013805960443381471 -0.48631311734389171 -172.55944803387609 -4.5161906733359087 -35.096443057032843 -186.09964850055343 -24.056688418844352 -57.455980199263315
seed 24 1
2.5975770702210963 -0.45331750661674708 -0.51344308968237584 16.247646125216086 -7.7059409946490174 -10.858946007239428 34.100470161743786 -6.6172102022860884 -9.0628671790394346 -16.251833489244049 131.87712636587551 106.16055273673197 -48.496079150406658 137.38047085110077 140.37009582461238 24.512521722818732 -22.87760322243463 -3.5256602354761042 0.42041106681776069 -8.5741753536544412 57.441077119872737 13.175736262203111 8.4416074954412306 85.187767418364871
iterate 24 1
-1.9763203137895107 0.42778558696196656 3.3044010821779795 -5.2394311079538554 17.760981265817666 3.4573334802667084 -1.6203496307706473 -492.58113063484979 280.78593055741311 -4.844169883352798 95.705391025377054 113.49512046229354 -20.842049875911197 59.196242439526984 207.00321749742801 -0.012229586060723108 -494.66243340783035 292.91309963735762 8.7038853854509757 4.4664050816327556 77.961493413681922 4.89226194356878 -4.5989729398478936 64.667351124555893
w_posture 1 1
0.20000000000000001
J0 3 18
1 0 0 0.0064720627605239492 -0.34764037422675925 0.14998404615570249 0 0 0 0.0064033128644109252 -0.34920809530982383 -0.1752563656809431 0 0 0 0 0 0 0 1 0 0.34735483448604743 0.0055154311324089825 0.18844763389516475 0 0 0 0.34753437313803898 0.006315181794674999 0.0011020247432710628 0 0 0 0 0 0 0 0 1 -0.14790523354202248 -0.1916508008556751 -0.00050585908841866843 0 0 0 -0.101405630970342 0.0017452497120702126 -0.12106606390633477 0 0 0 0 0 0
bias0 3 1
0.032008594845724173 0.03748243338665052 0.20464719679630985
task0 3 1
-60.976996028708861 -1.5592415191515165 -12.203839005629602
J1 3 18
1 0 0 0.0060215571529024948 -0.34555730413573954 -0.129345491220798 0.0060903070490155179 -0.3432211996802888 -0.18633186529771029 0 0 0 0 0 0 0 0 0 0 1 0 0.34629021216736167 0.005627230834561547 0.15454166855120599 0.34611067351536989 0.0075103980252756728 -3.7974568188516716e-06 0 0 0 0 0 0 0 0 0 0 0 1 0.1307758221579704 -0.15272737502952413 -0.00078793559312392099 0.084276219586289947 0.040653462858247336 -0.10321548314209132 0 0 0 0 0 0 0 0 0
bias1 3 1
0.29819066666800936 0.12262219126087202 1.2553738573048971
task1 3 1
112.46710928845383 3.0553033367303595 -57.518441902594155
J2 3 18
1 0 0 0.0064432282643893547 -0.34700585622036201 0.13819935883642287 0 0 0 0 0 0 0 0 0 0.0063744783682763307 -0.34684477003841374 -0.18793583542389042 0 1 0 0.34610546991188834 0.0071398733248509228 -0.23802209086532047 0 0 0 0 0 0 0 0 0 0.34628500856387989 0.0064507579222207664 0.0028632132861612482 0 0 1 -0.14378399877006431 0.23496328049988907 0.0011233506097297243 0 0 0 0 0 0 0 0 0 -0.097284396198383902 0.041564490026808482 -0.10022436716289257
bias2 3 1
0.32767600702622723 0.096350073406012385 1.1556545458338456
task2 3 1
115.2954772607157 -1.5297837092948143 -59.13310998181889
J3 3 18
1 0 0 0.0060573789511163632 -0.34863694289033542 -0.1425645589371774 0 0 0 0 0 0 0.0061261288472293863 -0.34753892573090039 -0.1758542577284391 0 0 0 0 1 0 0.34887613384219313 0.0070320298434983107 -0.19720020393992949 0 0 0 0 0 0 0.34869659519020135 0.0063253588302340253 0.0016657161155390144 0 0 0 0 0 1 0.13765985400157896 0.1991908669698991 0.00055062320440388453 0 0 0 0 0 0 0.091160251429898503 0.0057933301378266799 -0.1201894563953185 0 0 0
bias3 3 1
-0.036535884628015533 0.043329952662694238 0.32997680953011099
task3 3 1
-65.832725689164619 -8.4619954920311553 -19.983814772440052
contact 4 1
1 0 0 1
