H 24 24
354.00000718053491 -1.4090982140280794e-08 -2.6698327765409743e-06 1.9536339404087464 -115.15478862710536 -0.85052623201064836 0.092347265908946263 -5.5694589925673501 -2.840626734170836 0.90894045109305077 -51.819769490632183 -29.002469493641897 0.85441938461783762 -52.036964887287866 -29.211511991881874 0.097843923940194408 -5.5873733680619253 -2.8557740289600124 -8.1744143659157065e-06 2.0786658203620712e-08 -4.7680132958573698e-07 -8.2261025043966593e-06 5.1999316877071432e-09 -3.8534454616741988e-07
-1.4090982140280794e-08 354.0000067011631 5.1744658815072298e-08 115.12772419257385 2.0207790006955926 -15.73411692225978 5.6005962243253817 0.098290044674620727 0.0083369840772128459 51.8790137162934 0.84242894220234532 0.57989524616056776 52.045786422404994 0.89492422865193566 0.4694373440500535 5.5974444096552105 0.093440066157669657 0.061309348513958126 5.8587466257028082e-08 -7.2914718731874792e-06 -1.7345253372630903e-06 8.3057740244166195e-10 -7.1896710786917679e-06 1.8142877023648232e-06
-2.6698327765409743e-06 5.1744658815072298e-08 354.00001113749738 0.097077630500978396 15.528027480999219 0.065386726548679969 1.4242125006202511 0.16782819213247313 -1.8912600871249876 -15.039462009550824 7.4297518284763582 -17.899026936556666 15.216044127205757 7.7601212759111649 -17.559096683494271 -1.5036963636397032 0.18981083595519924 -1.8673217010863756 1.7600785182606169e-06 -7.9502901820285409e-06 -2.434211912288291e-06 2.0574333541865138e-06 7.976513185165576e-06 -2.5645664677167766e-06
1.9536339404087464 115.12772419257385 0.097077630500978396 124.92867502208776 7.9514767459811138 -5.259796036417983 2.197973588745795 0.030610561133064412 -0.27262583995910872 18.968486216018306 -1.0769998163949452 2.5385853542739523 19.144370646322386 1.1242399107916281 -2.4901627418333465 2.2187573367545208 -0.03352501704314708 0.26924280414685281 2.2060941205359117e-07 -2.8766411097410061e-06 -7.6027564431970497e-07 -3.2208612114138823e-07 -2.8764872417235263e-06 8.0134898999574154e-07
-115.15478862710536 2.0207790006955926 15.528027480999219 7.9514767459811138 133.76484155684602 0.19239673531785578 -0.33268046545295404 1.9842736879850773 1.3823275783306854 2.2343277519639266 15.773017366487016 12.080183948795833 3.8436558077529122 18.939908711590984 5.2686869082230317 -0.39901555118827364 2.1239705486723435 0.63178880868242071 2.0955714732894211e-06 1.2533611600632614e-06 5.5251017060790353e-07 2.8643605872400554e-06 1.7485219288826549e-06 -4.2729881265061903e-07
-0.85052623201064836 -15.73411692225978 0.065386726548679969 -5.259796036417983 0.19239673531785667 103.26192687636139 1.0705660283479093 0.81203145268161081 0.39689720234275799 7.6377604080947092 -7.2612186477016945 -4.0305348836373591 -12.70846040764898 7.4877926016371488 4.1846255095508447 -1.2586414106799271 -0.82466270298096134 -0.41565159803407564 1.1046240779158914e-06 -1.0176448670070965e-06 -1.7745204663161545e-07 -1.1002892399591139e-06 1.8234250572669803e-06 -5.1205532780174822e-07
0.092347265908946263 5.6005962243253817 1.4242125006202511 2.197973588745795 -0.33268046545295404 1.0705660283479093 2.0907376778231264 0.016911933099335991 -0.18196407056335537 0.0079769121679159772 -0.0052617473100054525 -0.0010912859789606829 0.0033594314283523778 -0.0013058947317977538 -0.00076744108253308334 0.011168108856943084 -0.0075462052708162282 -0.0001575288967301612 1.257960231169694e-07 -3.2479665212070276e-06 -8.2305901062111218e-07 0 0 0
-5.5694589925673501 0.098290044674620727 0.16782819213247313 0.030610561133064412 1.9842736879850773 0.81203145268161081 0.016911933099335991 1.9367029203957258 0.96815809624972959 0.0047608840658735409 0.00070340537160078968 0.0012746070770390035 0.0027490220425995388 0.0067215850636497829 0.0007694717432569384 -0.0046978083484655207 0.0034783627550694684 0.00030876341639083033 3.1646013765053344e-06 -3.0949021414263197e-07 5.7855171143580015e-08 0 0 0
-2.840626734170836 0.0083369840772128459 -1.8912600871249876 -0.27262583995910872 1.3823275783306854 0.39689720234275799 -0.18196407056335537 0.96815809624972959 0.72723985484780773 0.0010864328082452667 0.0011586965338796461 0.00079486586154379211 0.00093276217350894643 0.0033433650285084496 0.00046286368763834589 -0.0037659291723818288 0.0028416601913562587 0.00019128308427298805 1.2706540068786912e-06 1.3033040620156355e-07 4.0259882893248968e-07 0 0 0
0.90894045109305077 51.8790137162934 -15.039462009550824 18.968486216018306 2.2343277519639271 7.6377604080947092 0.0079769121679159772 0.0047608840658735409 0.0010864328082452667 18.241624888910764 -0.71916788948042176 1.705663884662032 0.009841923688674363 0.0070957112411353792 9.6914770053814687e-06 0.0045056360301279725 0.0019815241776274502 0.00096583294563780506 0 0 0 0 0 0
-51.819769490632183 0.84242894220234532 7.4297518284763582 -1.0769998163949452 15.773017366487014 -7.2612186477016945 -0.0052617473100054525 0.00070340537160078968 0.0011586965338796461 -0.71916788948042176 17.127914802112134 8.5640704536757823 0.0033739183901748291 0.0023978389730239715 0.00011798533362396616 -0.0025474370792279025 0.0054149561814606003 0.000657749794877741 0 0 0 0 0 0
-29.002469493641897 0.57989524616056776 -17.899026936556666 2.5385853542739523 12.080183948795833 -4.03053488363736 -0.0010912859789606829 0.0012746070770390035 0.00079486586154379211 1.705663884662032 8.5640704536757823 7.2607230109459078 0.0035332998863606803 0.0025713196295990915 6.6316170720722329e-05 -0.00041754747875180273 0.0030507211228846965 0.00051169113179735926 0 0 0 0 0 0
0.85441938461783762 52.045786422404994 15.216044127205757 19.144370646322386 3.8436558077529122 -12.70846040764898 0.0033594314283523778 0.0027490220425995388 0.00093276217350894643 0.009841923688674363 0.0033739183901748291 0.0035332998863606803 18.389568840918241 0.75638094158563152 -1.6722406012114643 0.0089519371860618986 0.0079549709033067632 0.0022334702913658707 0 0 0 0 0 0
-52.036964887287866 0.89492422865193566 7.7601212759111649 1.1242399107916283 18.939908711590984 7.4877926016371488 -0.0013058947317977538 0.0067215850636497829 0.0033433650285084496 0.0070957112411353792 0.0023978389730239715 0.0025713196295990915 0.75638094158563152 17.308241656630944 8.650116989014224 -0.006798133675943863 0.0074517669538131841 0.00084037394430022281 0 0 0 0 0 0
-29.211511991881874 0.4694373440500535 -17.559096683494271 -2.490162741833347 5.2686869082230317 4.1846255095508456 -0.00076744108253308334 0.0007694717432569384 0.00046286368763834589 9.6914770053814687e-06 0.00011798533362396616 6.6316170720722329e-05 -1.6722406012114643 8.6501169890142258 7.2599464619091769 -0.0021046636926504866 0.00047938783123986081 -8.5766148349870845e-05 0 0 0 0 0 0
0.097843923940194408 5.5974444096552105 -1.5036963636397032 2.2187573367545208 -0.39901555118827364 -1.2586414106799271 0.011168108856943084 -0.0046978083484655207 -0.0037659291723818288 0.0045056360301279725 -0.0025474370792279025 -0.00041754747875180273 0.0089519371860618986 -0.006798133675943863 -0.0021046636926504866 2.1085342831325802 -0.024044137726284342 0.17841129645089843 0 0 0 -2.3866558211551546e-07 -3.2490877568735646e-06 8.686779173128264e-07
-5.5873733680619253 0.093440066157669657 0.18981083595519924 -0.03352501704314708 2.1239705486723435 -0.82466270298096134 -0.0075462052708162282 0.0034783627550694684 0.0028416601913562587 0.0019815241776274502 0.0054149561814606003 0.0030507211228846965 0.0079549709033067632 0.0074517669538131841 0.00047938783123986081 -0.024044137726284342 1.955536978969421 0.97387960206308988 0 0 0 3.1959413299861141e-06 2.0435608120173438e-07 4.2286982173744306e-08
-2.8557740289600124 0.061309348513958126 -1.8673217010863756 0.26924280414685281 0.63178880868242071 -0.41565159803407564 -0.0001575288967301612 0.00030876341639083033 0.00019128308427298805 0.00096583294563780506 0.000657749794877741 0.00051169113179735926 0.0022334702913658707 0.00084037394430022281 -8.5766148349870845e-05 0.17841129645089843 0.97387960206308988 0.72628185970161818 0 0 0 1.2756272444236341e-06 -1.6654960790452795e-07 3.9678099953360059e-07
-8.1744143659157065e-06 5.8587466257028082e-08 1.7600785182606169e-06 2.2060941205359117e-07 2.0955714732894211e-06 1.1046240779158914e-06 1.257960231169694e-07 3.1646013765053344e-06 1.2706540068786912e-06 0 0 0 0 0 0 0 0 0 0.00025523784739088436 -6.0221333623031349e-08 4.0606699533273339e-06 0 0 0
2.0786658203620712e-08 -7.2914718731874792e-06 -7.9502901820285409e-06 -2.8766411097410061e-06 1.2533611600632614e-06 -1.0176448670070965e-06 -3.2479665212070276e-06 -3.0949021414263197e-07 1.3033040620156355e-07 0 0 0 0 0 0 0 0 0 -6.0221333623031349e-08 0.00024758050974584104 6.5359449746785787e-06 0 0 0
-4.7680132958573698e-07 -1.7345253372630903e-06 -2.434211912288291e-06 -7.6027564431970497e-07 5.5251017060790353e-07 -1.7745204663161545e-07 -8.2305901062111218e-07 5.7855171143580015e-08 4.0259882893248968e-07 0 0 0 0 0 0 0 0 0 4.0606699533273339e-06 6.5359449746785787e-06 0.00022437090442870079 0 0 0
-8.2261025043966593e-06 8.3057740244166195e-10 2.0574333541865138e-06 -3.2208612114138823e-07 2.8643605872400554e-06 -1.1002892399591139e-06 0 0 0 0 0 0 0 0 0 -2.3866558211551546e-07 3.1959413299861141e-06 1.2756272444236341e-06 0 0 0 0.00025548060718244889 -1.4727685864290374e-07 3.6906492015883113e-06
5.1999316877071432e-09 -7.1896710786917679e-06 7.976513185165576e-06 -2.8764872417235263e-06 1.7485219288826549e-06 1.8234250572669803e-06 0 0 0 0 0 0 0 0 0 -3.2490877568735646e-06 2.0435608120173438e-07 -1.6654960790452795e-07 0 0 0 -1.4727685864290374e-07 0.00024755548154850403 -6.9919030241415526e-06
-3.8534454616741988e-07 1.8142877023648232e-06 -2.5645664677167766e-06 8.0134898999574154e-07 -4.2729881265061903e-07 -5.1205532780174822e-07 0 0 0 0 0 0 0 0 0 8.686779173128264e-07 4.2286982173744306e-08 3.9678099953360059e-07 0 0 0 3.6906492015883113e-06 -6.9919030241415526e-06 0.00022448642037662796
g 24 1
-19555.737991025195
996.21827823944
48966.992075562986
92.809167854904942
8233.7356783087471
18.946397679208079
51.566738362801409
346.07477674646532
203.74706430599343
-2403.1372744674627
4073.5302273313778
-1292.5527475734111
2361.5920575684881
4018.2986539467202
-1033.117121559585
111.71663980876025
314.13469690339781
251.85793770235423
-0.0017925280214504309
-0.00032160534081912356
-0.017773349218387441
-0.0014476393979845471
-0.00069564513653920447
-0.021161765632722276
Aineq 36 24
0 0 0 0 0 0 0 0 0 0 0 0 0 0 0 0 0 0 -0 -0 -1 0 0 0
0 0 0 0 0 0 0 0 0 0 0 0 0 0 0 0 0 0 0 0 1 0 0 0
0 0 0 0 0 0 0 0 0 0 0 0 0 0 0 0 0 0 1 0 -0.56568542494923801 0 0 0
0 0 0 0 0 0 0 0 0 0 0 0 0 0 0 0 0 0 -1 -0 -0.56568542494923801 0 0 0
0 0 0 0 0 0 0 0 0 0 0 0 0 0 0 0 0 0 0 1 -0.56568542494923801 0 0 0
0 0 0 0 0 0 0 0 0 0 0 0 0 0 0 0 0 0 -0 -1 -0.56568542494923801 0 0 0
0 0 0 0 0 0 0 0 0 0 0 0 0 0 0 0 0 0 0 0 0 -0 -0 -1
0 0 0 0 0 0 0 0 0 0 0 0 0 0 0 0 0 0 0 0 0 0 0 1
0 0 0 0 0 0 0 0 0 0 0 0 0 0 0 0 0 0 0 0 0 1 0 -0.56568542494923801
0 0 0 0 0 0 0 0 0 0 0 0 0 0 0 0 0 0 0 0 0 -1 -0 -0.56568542494923801
0 0 0 0 0 0 0 0 0 0 0 0 0 0 0 0 0 0 0 0 0 0 1 -0.56568542494923801
0 0 0 0 0 0 0 0 0 0 0 0 0 0 0 0 0 0 0 0 0 -0 -1 -0.56568542494923801
0.0014640973541440365 0.098165528997907092 0.10648941196617449 0.03866119346203202 -0.017286040474601316 0.013466694294135939 0.043690193658800183 0.0034763567369415914 -0.0019410849635034472 0 0 0 0 0 0 0 0 0 -0.0061329763971000916 -0.37122706124559163 -0.088137854784707773 0 0 0
-0.0014640973541440365 -0.098165528997907092 -0.10648941196617449 -0.03866119346203202 0.017286040474601316 -0.013466694294135939 -0.043690193658800183 -0.0034763567369415914 0.0019410849635034472 -0 -0 -0 -0 -0 -0 -0 -0 -0 0.0061329763971000916 0.37122706124559163 0.088137854784707773 -0 -0 -0
-0.095875140448226426 0.0024053055341344007 0.036627756290228991 0.00518813380520143 0.021422550883107596 0.013194691283671367 0.0034763567369415914 0.038392238872867399 0.0083603516272183469 0 0 0 0 0 0 0 0 0 0.36929492822016724 -0.0064974533867563416 -0.010188153770051556 0 0 0
0.095875140448226426 -0.0024053055341344007 -0.036627756290228991 -0.00518813380520143 -0.021422550883107596 -0.013194691283671367 -0.0034763567369415914 -0.038392238872867399 -0.0083603516272183469 -0 -0 -0 -0 -0 -0 -0 -0 -0 -0.36929492822016724 0.0064974533867563416 0.010188153770051556 -0 -0 -0
-0.027379454651170025 3.3702293152938458e-05 -0.020435687313939018 -0.0028890061969196394 0.012345855931507317 0.0036776552468375957 -0.0019410849635034472 0.0083603516272183469 0.016326302457873296 0 0 0 0 0 0 0 0 0 0.19930599475629404 -0.0008948897439900131 0.11803576669896083 0 0 0
0.027379454651170025 -3.3702293152938458e-05 0.020435687313939018 0.0028890061969196394 -0.012345855931507317 -0.0036776552468375957 0.0019410849635034472 -0.0083603516272183469 -0.016326302457873296 -0 -0 -0 -0 -0 -0 -0 -0 -0 -0.19930599475629404 0.0008948897439900131 -0.11803576669896083 -0 -0 -0
0.0016471991122106501 0.084983436062062295 -0.10812411690094134 0.034359982094253658 0.016200549037294561 0.0093014350595584105 0 0 0 0.03934893646701542 -0.0047028203249054913 0.0018495322005496104 0 0 0 0 0 0 0 0 0 0 0 0
-0.0016471991122106501 -0.084983436062062295 0.10812411690094134 -0.034359982094253658 -0.016200549037294561 -0.0093014350595584105 -0 -0 -0 -0.03934893646701542 0.0047028203249054913 -0.0018495322005496104 -0 -0 -0 -0 -0 -0 -0 -0 -0 -0 -0 -0
-0.08448173081294072 0.0011892500583361339 0.049584319175168007 -0.0070158645550319294 0.016613505270801857 -0.011789562348781452 0 0 0 -0.0047028203249054913 0.03616162736743795 0.0072450458745036295 0 0 0 0 0 0 0 0 0 0 0 0
0.08448173081294072 -0.0011892500583361339 -0.049584319175168007 0.0070158645550319294 -0.016613505270801857 0.011789562348781452 -0 -0 -0 0.0047028203249054913 -0.03616162736743795 -0.0072450458745036295 -0 -0 -0 -0 -0 -0 -0 -0 -0 -0 -0 -0
-0.028061538912649783 0.00057170629000941118 -0.019480148218248595 0.0027528570819628359 0.011026255910444753 -0.0038831500658363842 0 0 0 0.0018495322005496104 0.0072450458745036295 0.016326302457873306 0 0 0 0 0 0 0 0 0 0 0 0
0.028061538912649783 -0.00057170629000941118 0.019480148218248595 -0.0027528570819628359 -0.011026255910444753 0.0038831500658363842 -0 -0 -0 -0.0018495322005496104 -0.0072450458745036295 -0.016326302457873306 -0 -0 -0 -0 -0 -0 -0 -0 -0 -0 -0 -0
0.0012349152391051578 0.084875951260048779 0.10841305316028758 0.034549351079055983 0.025783902867048975 -0.023607914104011734 0 0 0 0 0 0 0.039491512460838582 0.0047319191779632876 -0.0018181310110219255 0 0 0 0 0 0 0 0 0
-0.0012349152391051578 -0.084875951260048779 -0.10841305316028758 -0.034549351079055983 -0.025783902867048975 0.023607914104011734 -0 -0 -0 -0 -0 -0 -0.039491512460838582 -0.0047319191779632876 0.0018181310110219255 -0 -0 -0 -0 -0 -0 -0 -0 -0
-0.084731712377402221 0.0015131950734770241 0.049889776123640928 0.0070592522823812792 0.035994129964785807 0.012075056753154132 0 0 0 0 0 0 0.0047319191779632876 0.036336394452175826 0.0073324294168725631 0 0 0 0 0 0 0 0 0
0.084731712377402221 -0.0015131950734770241 -0.049889776123640928 -0.0070592522823812792 -0.035994129964785807 -0.012075056753154132 -0 -0 -0 -0 -0 -0 -0.0047319191779632876 -0.036336394452175826 -0.0073324294168725631 -0 -0 -0 -0 -0 -0 -0 -0 -0
-0.028289288139170206 0.00045139104858984308 -0.01915112037279762 -0.0027061607527027569 0.0036316230349416985 0.0040255624752168605 0 0 0 0 0 0 -0.0018181310110219255 0.0073324294168725631 0.016326302457873292 0 0 0 0 0 0 0 0 0
0.028289288139170206 -0.00045139104858984308 0.01915112037279762 0.0027061607527027569 -0.0036316230349416985 -0.0040255624752168605 -0 -0 -0 -0 -0 -0 0.0018181310110219255 -0.0073324294168725631 -0.016326302457873292 -0 -0 -0 -0 -0 -0 -0 -0 -0
0.0018482027121694345 0.096855307326336557 -0.10787489453202911 0.038817216450425678 -0.024211966794599207 -0.024307601782415308 0 0 0 0 0 0 0 0 0 0.04382009101689268 -0.0034930910125525599 0.0019187229285941667 0 0 0 -0.006473352843181502 -0.37104084384496405 0.093094206317478195
-0.0018482027121694345 -0.096855307326336557 0.10787489453202911 -0.038817216450425678 0.024211966794599207 0.024307601782415308 -0 -0 -0 -0 -0 -0 -0 -0 -0 -0.04382009101689268 0.0034930910125525599 -0.0019187229285941667 -0 -0 -0 0.006473352843181502 0.37104084384496405 -0.093094206317478195
-0.096115607236380546 0.0013759752263258005 0.036810099553459596 -0.0052131637154241694 0.035777145097810902 -0.013189967236063712 0 0 0 0 0 0 0 0 0 -0.0034930910125525599 0.03852346490879073 0.0084259646451800112 0 0 0 0.37041700913471021 -0.0062017058348918935 -0.01156056986930204
0.096115607236380546 -0.0013759752263258005 -0.036810099553459596 0.0052131637154241694 -0.035777145097810902 0.013189967236063712 -0 -0 -0 -0 -0 -0 -0 -0 -0 0.0034930910125525599 -0.03852346490879073 -0.0084259646451800112 -0 -0 -0 -0.37041700913471021 0.0062017058348918935 0.01156056986930204
-0.027543240622566675 0.00060645863944561228 -0.02020532337675298 0.0028558051630682623 0.00455720840196416 -0.0038601119580254188 0 0 0 0 0 0 0 0 0 0.0019187229285941667 0.0084259646451800112 0.016326302457873296 0 0 0 0.2002557638593912 -0.0041998554825686853 0.11654151130629628
0.027543240622566675 -0.00060645863944561228 0.02020532337675298 -0.0028558051630682623 -0.00455720840196416 0.0038601119580254188 -0 -0 -0 -0 -0 -0 -0 -0 -0 -0.0019187229285941667 -0.0084259646451800112 -0.016326302457873296 -0 -0 -0 -0.2002557638593912 0.0041998554825686853 -0.11654151130629628
bineq 36 1
-0
180
0
0
0
0
-0
180
0
0
0
0
34.173964892524694
35.826035107475306
34.235616597157687
35.764383402842313
35.021142902334823
34.978857097665177
36.473056343513264
33.526943656486736
33.617366563330783
36.382633436669217
36.508042061843639
33.491957938156361
33.930663152775963
36.069336847224037
33.6035510739991
36.3964489260009
36.519544719964763
33.480455280035237
35.879496829616208
34.120503170383792
34.230839275966694
35.769160724033306
34.998335793813844
35.001664206186156
Aeq 18 24
15.206408000000003 0 0 0.0068248809699832519 -0.40206377616627126 -0.00091107157442255559 0.0014640973541440365 -0.095875140448226426 -0.027379454651170025 0.0016471991122106501 -0.08448173081294072 -0.028061538912649783 0.0012349152391051578 -0.084731712377402221 -0.028289288139170206 0.0018482027121694345 -0.096115607236380546 -0.027543240622566675 -1 0 0 -1 0 0
0 15.206408000000003 0 0.40201262661774162 0.0069394713950648775 -0.0274781957864766 0.098165528997907092 0.0024053055341344007 3.3702293152938458e-05 0.084983436062062295 0.0011892500583361339 0.00057170629000941118 0.084875951260048779 0.0015131950734770241 0.00045139104858984308 0.096855307326336557 0.0013759752263258005 0.00060645863944561228 0 -1 0 0 -1 0
0 0 15.206408000000003 -0.0012533686272971137 0.026727607670339569 0.00011523890992204578 0.10648941196617449 0.036627756290228991 -0.020435687313939018 -0.10812411690094134 0.049584319175168007 -0.019480148218248595 0.10841305316028758 0.049889776123640928 -0.01915112037279762 -0.10787489453202911 0.036810099553459596 -0.02020532337675298 0 0 -1 0 0 -1
0.0068248809699832519 0.40201262661774162 -0.0012533686272971137 0.20901916975392096 0.00061414825271699568 -0.022878518392112995 0.03866119346203202 0.00518813380520143 -0.0028890061969196394 0.034359982094253658 -0.0070158645550319294 0.0027528570819628359 0.034549351079055983 0.0070592522823812792 -0.0027061607527027569 0.038817216450425678 -0.0052131637154241694 0.0028558051630682623 -0.0060481908957692255 -0.37142488346122549 -0.13463735669375798 -0.0065581383445123681 -0.37084302162933014 0.13959370822652845
-0.40206377616627126 0.0069394713950648775 0.026727607670339569 0.00061414825271699568 0.51942078433534689 -1.3545436457671928e-05 -0.017286040474601316 0.021422550883107596 0.012345855931507317 0.016200549037294561 0.016613505270801857 0.011026255910444753 0.025783902867048975 0.035994129964785807 0.0036316230349416985 -0.024211966794599207 0.035777145097810902 0.00455720840196416 0.37051534765642463 -0.0055171773151536591 0.18321041517430756 0.37180790899328575 -0.0071784806750994235 -0.20495670812366271
-0.00091107157442255559 -0.0274781957864766 0.00011523890992204578 -0.022878518392112995 -1.3545436457671928e-05 0.53050968718409097 0.013466694294135939 0.013194691283671367 0.0036776552468375957 0.0093014350595584105 -0.011789562348781452 -0.0038831500658363842 -0.023607914104011734 0.012075056753154132 0.0040255624752168605 -0.024307601782415308 -0.013189967236063712 -0.0038601119580254188 0.13308683223660384 -0.18479265701336633 0.0010288266469724206 -0.13451500245467166 0.20797360299169063 -0.0011300491123453311
1 0 0 0.00044881611554702789 -0.02644041749808838 -5.991366103175114e-05 9.6281604054293166e-05 -0.0063049170092125909 -0.0018005208495767055 0.00010832269607724913 -0.0055556664540988713 -0.0018453759042010298 8.1210187120137639e-05 -0.0055721056792243252 -0.0018603530918787788 0.00012154104454973419 -0.006320730525998023 -0.0018112917016672632 0 0 0 0 0 0
0 1 0 0.026437053814269713 0.00045635178242388834 -0.0018070142394230493 0.0064555369682246511 0.00015817710100468176 2.2163217738823372e-06 0.0055886594692226002 7.8207164922586172e-05 3.7596406068376641e-05 0.0055815910805529327 9.9510355994461273e-05 2.968426525119166e-05 0.0063693744983257423 9.04865387227411e-05 3.988178138095547e-05 0 0 0 0 0 0
0 0 1 -8.2423714219501107e-05 0.0017576542514405511 7.5783123747597963e-06 0.007002930078304782 0.0024087053491020994 -0.0013438865584784398 -0.0071104311354095789 0.0032607515972981902 -0.0012810486354337325 0.0071294320894380566 0.0032808389807534341 -0.0012594111885461453 -0.0070940418363119751 0.0024206965611773407 -0.0013287374228517991 0 0 0 0 0 0
0 0 0 6.324555320336759 0 0 0 0 0 0 0 0 0 0 0 0 0 0 0 0 0 0 0 0
0 0 0 0 6.324555320336759 0 0 0 0 0 0 0 0 0 0 0 0 0 0 0 0 0 0 0
0 0 0 0 0 6.324555320336759 0 0 0 0 0 0 0 0 0 0 0 0 0 0 0 0 0 0
2.8284271247461903 0 0 0.016051001830994803 -0.98575978469788283 -0.37616168439826186 0.016290811442744229 -0.98232129245912303 -0.50151998214322879 0 0 0 0 0 0 0 0 0 0 0 0 0 0 0
0 2.8284271247461903 0 0.98833188903661784 0.014548578202329941 0.52278602186145984 0.98777236331604168 0.017319449887604522 0.0014730069122874132 0 0 0 0 0 0 0 0 0 0 0 0 0 0 0
0 0 2.8284271247461903 0.38081195167675314 -0.51819730781502249 -0.0029099611949584673 0.24929149919000826 0.028816450474298979 -0.33385556422155394 0 0 0 0 0 0 0 0 0 0 0 0 0 0 0
2.8284271247461903 0 0 0.017493351027215026 -0.98941570024345904 0.38073060347438786 0 0 0 0 0 0 0 0 0 0.0172535414154656 -0.98548254434203841 -0.50419386262473664 0 0 0 0 0 0
0 2.8284271247461903 0 0.98668613524843063 0.019247453688032524 -0.58812472162195795 0 0 0 0 0 0 0 0 0 0.98724566096900679 0.016486044187899541 0.010823956351705862 0 0 0 0 0 0
0 0 2.8284271247461903 -0.39483063079181846 0.5797051126556555 0.0031962615616528893 0 0 0 0 0 0 0 0 0 -0.26331017830507347 0.032698229395857412 -0.32962917173764322 0 0 0 0 0 0
beq 18 1
1.1017267350165594
-0.10399297272481788
-154.2100856215998
-0.018354830870660685
-1.0682526107931478
0.0038924437210777793
1.1440991201021795
0.31461492039178524
2.7241536653446721
-2.7729054051975162
4.8575045525810827
-0.72737685974721555
176.46145726569796
-38.965601701512355
39.678162483864327
163.20736203497972
-24.404681987650562
131.50983480868223
seed 24 1
-0.27615380450363985
0.34218618637194137
2.7581647411070573
-0.43843484083081263
0.76803890653966778
-0.1150083797051024
-37.759992225987801
-112.81492384771285
-135.10539388245243
59.115077557280934
-7.6716561677408492
13.271961960451303
11.569201781522631
14.141233100324738
4.8396804883150217
-21.688244870717597
13.875224468877576
-354.72030384526198
8.5314621682615694
1.8863891237001806
89.271409364312248
7.7644491094366099
3.0017666913896477
106.36326834721405
iterate 24 1
-4.2446763012016238
-0.70909263446949022
9.2151042001451273
-0.43843484083083789
0.76803890653964946
-0.11500837970509536
-34.147256170785489
-151.77079790337834
-81.066944282775154
146.96733960871416
-729.86116277021995
1029.5180345450742
114.18350741948149
-499.26246063673619
723.9496619374429
-18.606417402688926
-22.691718013193132
-305.4047902655671
7.7545066845953698
0.61810478758217835
120.75225951494045
8.5414045931028397
4.2700510275070851
74.882418196585931
w_posture 1 1
0.20000000000000001
J0 3 18
1 0 0 0.0057643087741899501 -0.32430308676015152 0.14150288643122724 0 0 0 0.005679523272859084 -0.3238041094032118 -0.18124236580249853 0 0 0 0 0 0
0 1 0 0.32397615109349409 0.0048854555961500802 0.14400889316613291 0 0 0 0.32417397330912801 0.0052642037398463459 0.0036238751145156664 0 0 0 0 0 0
0 0 1 -0.14040725342481988 -0.14700422118750117 -0.00035464390959558795 0 0 0 -0.093907751515769633 0.046395186832506763 -0.11185290504706479 0 0 0 0 0 0
bias0 3 1
-5.6386089628462894
0.4599458017303108
12.226817502000767
task0 3 1
49.746494007065031
-1.1045072472227937
-149.79876308261751
J1 3 18
1 0 0 0.005674886119767057 -0.34851871419043201 -0.13299323893028245 0.0057596716210979232 -0.34730302360088983 -0.17731409013701663 0 0 0 0 0 0 0 0 0
0 1 0 0.34942809040035144 0.0051436991517451458 0.18483277058388847 0.34923026818471758 0.0061233502309728724 0.00052078658820654388 0 0 0 0 0 0 0 0 0
0 0 1 0.13463735669375798 -0.18321041517430756 -0.0010288266469724206 0.088137854784707773 0.010188153770051556 -0.11803576669896083 0 0 0 0 0 0 0 0 0
bias1 3 1
0.040879392544410843
-0.08046333339149582
1.1158188723653839
task1 3 1
62.429448655428942
-13.856900336677143
15.144210168019519
J2 3 18
1 0 0 0.0061848335685102005 -0.34981127552729313 0.13460859576099307 0 0 0 0 0 0 0 0 0 0.0061000480671793344 -0.3484206949226139 -0.1782594496472949
0 1 0 0.3488462285684561 0.0068050025116909102 -0.20793348942116849 0 0 0 0 0 0 0 0 0 0.34904405078408995 0.0058286968201024169 0.0038268464677792087
0 0 1 -0.13959370822652845 0.20495670812366271 0.0011300491123453311 0 0 0 0 0 0 0 0 0 -0.093094206317478195 0.01156056986930204 -0.11654151130629628
bias2 3 1
-0.044170215364803284
-0.090428015965252184
1.2657076048750395
task2 3 1
57.658351715356034
-8.7187471251223787
47.761643775302147
J3 3 18
1 0 0 0.0052543209011182588 -0.32525082442721154 -0.14697946206517024 0 0 0 0 0 0 0.0053391064024491241 -0.3251613751240206 -0.18254869417887071 0 0 0
0 1 0 0.32541421326938402 0.0065438389578688239 -0.24001446158052092 0 0 0 0 0 0 0.32521639105375016 0.0055920319747246811 0.0029336125168105145 0 0 0
0 0 1 0.14151065411260688 0.24185778558674947 0.00075309333992420384 0 0 0 0 0 0 0.095011152203556673 0.048459744755445178 -0.10972861145202881 0 0 0
bias3 3 1
-5.7178452662182258
0.49213169541804092
12.707351733698717
task3 3 1
49.097022539585851
-1.9332616191776153
-137.39723846191703
contact 4 1
0
1
1
0
