H 24 24
     354.00000709783535  1.6047831679365189e-08 -2.8527115702191974e-06     0.38211330142891253     -114.35671715506845     0.23350831039748243    -0.14717170619224818     -51.601702899925776     -27.183777497746028    0.047057136276909134     -5.5521458519154736     -2.9251366575786855  -0.0080424213687550691      -5.527309277200942     -2.9939146984370364     0.49025418600623671     -51.593353885358191     -27.221116436049186 -8.0799826502983268e-06 -1.5998664033170515e-07 -7.8479385967711403e-08 -7.9719696393148961e-06  1.7591091226477781e-07  1.8804072634776049e-07
 1.6047831679365189e-08      354.00000667821377  -5.785507305618769e-08      114.16839328308157     0.28304934867266718     -9.9917763867190583      51.339360646638312     0.13236692240187298     0.33419136408928024      5.6013504676853421  -0.0030979869589728717    0.081167233023518789      5.5647482850573038    0.047531812062493191    -0.04621339169775858      51.658050117700085     0.14078634369124485     0.29020852044851481 -1.3067074628017242e-07 -7.2488464981098295e-06  1.6078596274127777e-06  1.3406939305079596e-07 -7.0233952927252811e-06 -1.6068846663187625e-06
-2.8527115702191974e-06  -5.785507305618769e-08      354.00001095009929      1.1438733540889634      7.6222999239533413    -0.11789589982349277      15.901928677909416        3.22836765985073     -20.561742084394009     -1.3094489992004896     0.43186416002968192     -1.7558706809322489      1.3420904864703929     0.65791914714246202     -1.6372029549137197      -14.79075714446369      3.3243456204292272     -20.512953942325137  2.3109979922508474e-06  7.7830397859204805e-06 -2.3316946554501623e-06  2.5567835299087754e-06 -7.7980327763763656e-06 -2.4799225482673492e-06
    0.38211330142891253      114.16839328308157      1.1438733540889634      124.34613954383988     -8.0133408658402558     -3.3743695378424401      18.802497292637096     0.61693702430463382      -2.844508782560236      2.1736324076290234   -0.084142249401807465     0.24520965493034783      2.1548282381344102     0.11673509840689797    -0.22796869010050191      18.809682380471003    -0.63090701851669839        2.83728710452508 -3.6291623499650432e-07 -2.8074984236857809e-06  7.0176171450494432e-07  3.8527240441342666e-07 -2.7428187807413175e-06 -7.2006153396321623e-07
    -114.35671715506845     0.28304934867266718      7.6222999239533413     -8.0133408658402576      132.67820997600765   -0.084134688622575421      -2.610690872565975      15.932069461452885      12.261031437223636     0.28592482501493671      1.9120591476273294      1.3462096449722898     0.40147669804256031      2.2431206965701165     0.69071768487022056     -3.5067361050017043      17.664810700497465      4.4946996718901406  1.9744441342687541e-06 -1.2422984722102009e-06  4.2352968494501872e-07  2.9871856611013356e-06 -1.8047267105610714e-06 -6.0517022632817575e-07
    0.23350831039748243     -9.9917763867190583    -0.11789589982349277     -3.3743695378424383   -0.084134688622574533      102.85879381094243      8.6209590905115583      7.3577388224730971      3.9301764388945117     0.93354864103068869     -0.7837622315367766    -0.39818146203456134     -1.4610939537375056     0.72576841759968524     0.41415450027154005     -11.466123185147088     -7.4108290432326935     -3.9531202344741039 -1.0854080201172422e-06 -8.7596853488134049e-07  1.7745530782148609e-07  9.7450455014150229e-07  1.9333364246959745e-06  4.2586169510004712e-07
   -0.14717170619224818      51.339360646638312      15.901928677909416      18.802497292637096      -2.610690872565975      8.6209590905115583      18.455644018380791     0.41057399938994277     -1.9112031433850396   0.0078390848290135449  -0.0049972443774107082  -0.0011878722446164308   0.0036695636064840282  -0.0021047870885920247 -0.00091051767074349179   0.0098390087283758455   -0.006998451499435742  0.00014653334319173823                       0                       0                       0                       0                       0                       0
    -51.601702899925776     0.13236692240187298        3.22836765985073     0.61693702430463382      15.932069461452885      7.3577388224730962     0.41057399938994277      17.103055791619134      8.3516523831973615   0.0048928230351959773  0.00063406509936177386   0.0011103772076014764   0.0020698835932246554   0.0056383473109655573  0.00078566921840765992  -0.0035435740664691443   0.0023297930779271306  5.8839830697204095e-05                       0                       0                       0                       0                       0                       0
    -27.183777497746028     0.33419136408928024     -20.561742084394009      -2.844508782560236      12.261031437223634      3.9301764388945117     -1.9112031433850396      8.3516523831973615      7.6607660328377198  0.00094036637257749727   0.0012760887318883718  0.00078667229907768317   0.0003724600618033371   0.0031604119486344515  0.00055595316465385986  -0.0035646034272808678   0.0025021082803883205  9.4966580199815802e-06                       0                       0                       0                       0                       0                       0
   0.047057136276909134      5.6013504676853421     -1.3094489992004896      2.1736324076290234     0.28592482501493671     0.93354864103068869   0.0078390848290135449   0.0048928230351959773  0.00094036637257749727      2.4705503744396955    -0.05230020424675489     0.16368090082225578    0.010427666535993481   0.0076222588858619452  0.00029338607885254838   0.0037335132002207618   0.0012987632251738096  0.00081002989771194046 -2.5360545303461652e-07 -3.1839525406698262e-06  7.5448943478497649e-07                       0                       0                       0
    -5.5521458519154736  -0.0030979869589728717     0.43186416002968192   -0.084142249401807465      1.9120591476273294     -0.7837622315367766  -0.0049972443774107082  0.00063406509936177386   0.0012760887318883718    -0.05230020424675489      2.3336014178850228     0.96661726118807378   0.0043802897550238749   0.0036589050858244401  0.00035953664344054746  -0.0028824512585964926   0.0061694569055841392   0.0005605317259993396  3.1692179355606609e-06  2.9504781599328097e-07 -8.7593718462051344e-08                       0                       0                       0
    -2.9251366575786855    0.081167233023518789     -1.7558706809322489     0.24520965493034783      1.3462096449722898    -0.39818146203456134  -0.0011878722446164308   0.0011103772076014764  0.00078667229907768317     0.16368090082225578     0.96661726118807378      1.1271631704107248   0.0036422453919541901   0.0030104863496204404  0.00023713419197332565 -0.00089872246761474469   0.0031417695595237233  0.00038604198401656376  1.2815732977450292e-06 -1.4768083641576768e-07  3.4193679926193227e-07                       0                       0                       0
 -0.0080424213687550691      5.5647482850573038      1.3420904864703929      2.1548282381344102     0.40147669804256031     -1.4610939537375056   0.0036695636064840282   0.0020698835932246554   0.0003724600618033371    0.010427666535993481   0.0043802897550238749   0.0036422453919541901        2.45671863466458    0.079522329716369383    -0.15094607481226488   0.0088387568829618006   0.0069738615393514364   0.0020321094559758428                       0                       0                       0  2.5961289814766713e-07  -3.122176315694565e-06 -7.7154717739881379e-07
     -5.527309277200942    0.047531812062493191     0.65791914714246202     0.11673509840689797      2.2431206965701165     0.72576841759968524  -0.0021047870885920247   0.0056383473109655573   0.0031604119486344515   0.0076222588858619452   0.0036589050858244401   0.0030104863496204404    0.079522329716369383      2.3391700544854803     0.96539659004142231  -0.0074310643601555853   0.0077188604686537592  0.00046321758494530821                       0                       0                       0  3.1609620204680312e-06 -3.4607509909525494e-07  -2.157850437607867e-07
    -2.9939146984370364    -0.04621339169775858     -1.6372029549137197    -0.22796869010050191     0.69071768487022056     0.41415450027154005 -0.00091051767074349179  0.00078566921840765992  0.00055595316465385986  0.00029338607885254838  0.00035953664344054746  0.00023713419197332565    -0.15094607481226488     0.96539659004142231      1.1263018914815097  -0.0022043883207815405  0.00087588063547603854 -9.0371804543116325e-05                       0                       0                       0  1.2933519097329648e-06  1.2615501954644475e-07  2.9315664356825695e-07
    0.49025418600623671      51.658050117700085      -14.79075714446369      18.809682380470999     -3.5067361050017043     -11.466123185147088   0.0098390087283758455  -0.0035435740664691443  -0.0035646034272808678   0.0037335132002207618  -0.0028824512585964926 -0.00089872246761474469   0.0088387568829618006  -0.0074310643601555853  -0.0022043883207815405       18.45493015283715    -0.42488966529695699      1.9055493741467726                       0                       0                       0                       0                       0                       0
    -51.593353885358191     0.14078634369124485      3.3243456204292272     -0.6309070185166985      17.664810700497465     -7.4108290432326935   -0.006998451499435742   0.0023297930779271306   0.0025021082803883205   0.0012987632251738096   0.0061694569055841392   0.0031417695595237233   0.0069738615393514364   0.0077188604686537592  0.00087588063547603854    -0.42488966529695699      17.108139833561296       8.350269545482071                       0                       0                       0                       0                       0                       0
    -27.221116436049186     0.29020852044851481     -20.512953942325137      2.8372871045250805      4.4946996718901406     -3.9531202344741034  0.00014653334319173823  5.8839830697204095e-05  9.4966580199815802e-06  0.00081002989771194046   0.0005605317259993396  0.00038604198401656376   0.0020321094559758428  0.00046321758494530821 -9.0371804543116325e-05      1.9055493741467728      8.3502695454820692      7.6599173580798938                       0                       0                       0                       0                       0                       0
-8.0799826502983268e-06 -1.3067074628017242e-07  2.3109979922508474e-06 -3.6291623499650432e-07  1.9744441342687541e-06 -1.0854080201172422e-06                       0                       0                       0 -2.5360545303461652e-07  3.1692179355606609e-06  1.2815732977450292e-06                       0                       0                       0                       0                       0                       0  0.00025549831086430771  2.2001484614637793e-08  2.4721323961444604e-06                       0                       0                       0
-1.5998664033170515e-07 -7.2488464981098295e-06  7.7830397859204805e-06 -2.8074984236857809e-06 -1.2422984722102009e-06 -8.7596853488134049e-07                       0                       0                       0 -3.1839525406698262e-06  2.9504781599328097e-07 -1.4768083641576768e-07                       0                       0                       0                       0                       0                       0  2.2001484614637793e-08  0.00024758459714123931  -6.126266900761978e-06                       0                       0                       0
-7.8479385967711403e-08  1.6078596274127777e-06 -2.3316946554501623e-06  7.0176171450494432e-07  4.2352968494501872e-07  1.7745530782148609e-07                       0                       0                       0  7.5448943478497649e-07 -8.7593718462051344e-08  3.4193679926193227e-07                       0                       0                       0                       0                       0                       0  2.4721323961444604e-06  -6.126266900761978e-06  0.00022386542970017286                       0                       0                       0
-7.9719696393148961e-06  1.3406939305079596e-07  2.5567835299087754e-06  3.8527240441342666e-07  2.9871856611013356e-06  9.7450455014150229e-07                       0                       0                       0                       0                       0                       0  2.5961289814766713e-07  3.1609620204680312e-06  1.2933519097329648e-06                       0                       0                       0                       0                       0                       0  0.00025562660147183638 -1.3726956146585309e-07  1.2729986683377546e-06
 1.7591091226477781e-07 -7.0233952927252811e-06 -7.7980327763763656e-06 -2.7428187807413175e-06 -1.8047267105610714e-06  1.9333364246959745e-06                       0                       0                       0                       0                       0                       0  -3.122176315694565e-06 -3.4607509909525494e-07  1.2615501954644475e-07                       0                       0                       0                       0                       0                       0 -1.3726956146585309e-07  0.00024724705298931039  6.2086083342061281e-06
 1.8804072634776049e-07 -1.6068846663187625e-06 -2.4799225482673492e-06 -7.2006153396321623e-07 -6.0517022632817575e-07  4.2586169510004712e-07                       0                       0                       0                       0                       0                       0 -7.7154717739881379e-07  -2.157850437607867e-07  2.9315664356825695e-07                       0                       0                       0                       0                       0                       0  1.2729986683377546e-06  6.2086083342061281e-06   0.0002238084969674329
g 24 1
   -75293.111707022108
   -1666.7600950544474
    -315562.5723950598
    1126.0834681710166
    13843.681694074592
    1325.5978489732495
   -13865.869121627282
    9055.3229774815554
    25367.119407809692
   -6.0112130990342809
   0.39696202442186268
   -3.1223269263876188
   -5.4928543263453955
   -5.2162677851060382
   -4.3331701848289716
       14022.809210295
    8759.4617783039048
    27931.457396016729
 0.0017306671550730822
-0.0011298304849155524
 -0.024021199559124774
 0.0010222308102996399
-0.0023472601803877563
 -0.022780877383320353
Aineq 36 24
                      0                       0                       0                       0                       0                       0                       0                       0                       0                       0                       0                       0                       0                       0                       0                       0                       0                       0                      -0                      -0                      -1                       0                       0                       0
                      0                       0                       0                       0                       0                       0                       0                       0                       0                       0                       0                       0                       0                       0                       0                       0                       0                       0                       0                       0                       1                       0                       0                       0
                      0                       0                       0                       0                       0                       0                       0                       0                       0                       0                       0                       0                       0                       0                       0                       0                       0                       0                       1                       0    -0.56568542494923801                       0                       0                       0
                      0                       0                       0                       0                       0                       0                       0                       0                       0                       0                       0                       0                       0                       0                       0                       0                       0                       0                      -1                      -0    -0.56568542494923801                       0                       0                       0
                      0                       0                       0                       0                       0                       0                       0                       0                       0                       0                       0                       0                       0                       0                       0                       0                       0                       0                       0                       1    -0.56568542494923801                       0                       0                       0
                      0                       0                       0                       0                       0                       0                       0                       0                       0                       0                       0                       0                       0                       0                       0                       0                       0                       0                      -0                      -1    -0.56568542494923801                       0                       0                       0
                      0                       0                       0                       0                       0                       0                       0                       0                       0                       0                       0                       0                       0                       0                       0                       0                       0                       0                       0                       0                       0                      -0                      -0                      -1
                      0                       0                       0                       0                       0                       0                       0                       0                       0                       0                       0                       0                       0                       0                       0                       0                       0                       0                       0                       0                       0                       0                       0                       1
                      0                       0                       0                       0                       0                       0                       0                       0                       0                       0                       0                       0                       0                       0                       0                       0                       0                       0                       0                       0                       0                       1                       0    -0.56568542494923801
                      0                       0                       0                       0                       0                       0                       0                       0                       0                       0                       0                       0                       0                       0                       0                       0                       0                       0                       0                       0                       0                      -1                      -0    -0.56568542494923801
                      0                       0                       0                       0                       0                       0                       0                       0                       0                       0                       0                       0                       0                       0                       0                       0                       0                       0                       0                       0                       0                       0                       1    -0.56568542494923801
                      0                       0                       0                       0                       0                       0                       0                       0                       0                       0                       0                       0                       0                       0                       0                       0                       0                       0                       0                       0                       0                      -0                      -1    -0.56568542494923801
 -0.0019694192226352653     0.08476126940012968     0.10953183209145526    0.034661684683207933   -0.016731398762710951    0.010395396221317776    0.039616440479839504   0.0042513503742957108  -0.0020472163189838438                       0                       0                       0                       0                       0                       0                       0                       0                       0                       0                       0                       0                       0                       0                       0
  0.0019694192226352653    -0.08476126940012968    -0.10953183209145526   -0.034661684683207933    0.016731398762710951   -0.010395396221317776   -0.039616440479839504  -0.0042513503742957108   0.0020472163189838438                      -0                      -0                      -0                      -0                      -0                      -0                      -0                      -0                      -0                      -0                      -0                      -0                      -0                      -0                      -0
  -0.086893560067097503 -0.00022569692901794336    0.043199181722353819   0.0063435734478282744    0.017034444093482492    0.012155690293079561   0.0042513503742957108    0.035732423594238276   0.0070304439879037778                       0                       0                       0                       0                       0                       0                       0                       0                       0                       0                       0                       0                       0                       0                       0
   0.086893560067097503  0.00022569692901794336   -0.043199181722353819  -0.0063435734478282744   -0.017034444093482492   -0.012155690293079561  -0.0042513503742957108   -0.035732423594238276  -0.0070304439879037778                      -0                      -0                      -0                      -0                      -0                      -0                      -0                      -0                      -0                      -0                      -0                      -0                      -0                      -0                      -0
  -0.026097431978913028  0.00034823718713847897   -0.022046672397453247  -0.0030470835325272713    0.011190229759569646   0.0037582366148879998  -0.0020472163189838438   0.0070304439879037778    0.016326302457873289                       0                       0                       0                       0                       0                       0                       0                       0                       0                       0                       0                       0                       0                       0                       0
   0.026097431978913028 -0.00034823718713847897    0.022046672397453247   0.0030470835325272713   -0.011190229759569646  -0.0037582366148879998   0.0020472163189838438  -0.0070304439879037778   -0.016326302457873289                      -0                      -0                      -0                      -0                      -0                      -0                      -0                      -0                      -0                      -0                      -0                      -0                      -0                      -0                      -0
  0.0025141233357424586    0.097607873366354445    -0.10453683436434283    0.037770375451018773     0.01657098430990105     0.01184382408060026                       0                       0                       0    0.042852658237147241   -0.004075972359468872   0.0017662173562311061                       0                       0                       0                       0                       0                       0  -0.0029985835573476285    -0.37127712884587605    0.080981188290061804                       0                       0                       0
 -0.0025141233357424586   -0.097607873366354445     0.10453683436434283   -0.037770375451018773    -0.01657098430990105    -0.01184382408060026                      -0                      -0                      -0   -0.042852658237147241    0.004075972359468872  -0.0017662173562311061                      -0                      -0                      -0                      -0                      -0                      -0   0.0029985835573476285     0.37127712884587605   -0.080981188290061804                      -0                      -0                      -0
  -0.093976948386549047  -0.0014653805770158505    0.041155891815908424  -0.0060807588154859838    0.020273668617365005   -0.012578329150939666                       0                       0                       0   -0.004075972359468872    0.038364416010010727   0.0083464401957900058                       0                       0                       0                       0                       0                       0     0.36821733199641626  0.00012246234444053018   -0.026653176501601678                       0                       0                       0
   0.093976948386549047   0.0014653805770158505   -0.041155891815908424   0.0060807588154859838   -0.020273668617365005    0.012578329150939666                      -0                      -0                      -0    0.004075972359468872   -0.038364416010010727  -0.0083464401957900058                      -0                      -0                      -0                      -0                      -0                      -0    -0.36821733199641626 -0.00012246234444053018    0.026653176501601678                      -0                      -0                      -0
  -0.028295721568209378   0.0008745703441706544   -0.019126951050300559   0.0026285346414343202    0.012009598395135632  -0.0037149609450281688                       0                       0                       0   0.0017662173562311061   0.0083464401957900058    0.016326302457873299                       0                       0                       0                       0                       0                       0     0.20456920402550582  -0.0051248712309233798     0.10958468791929038                       0                       0                       0
   0.028295721568209378  -0.0008745703441706544    0.019126951050300559  -0.0026285346414343202   -0.012009598395135632   0.0037149609450281688                      -0                      -0                      -0  -0.0017662173562311061  -0.0083464401957900058   -0.016326302457873299                      -0                      -0                      -0                      -0                      -0                      -0    -0.20456920402550582   0.0051248712309233798    -0.10958468791929038                      -0                      -0                      -0
 -0.0018417531530707442    0.095144793063689059     0.10515403964684066    0.037091323728025247    0.024179967298085966   -0.026258165853805093                       0                       0                       0                       0                       0                       0    0.042255640689263643   0.0044354453526343658  -0.0016548462894941168                       0                       0                       0                       0                       0                       0  0.00040932154655645464    -0.36900974149100901   -0.083016207789218727
  0.0018417531530707442   -0.095144793063689059    -0.10515403964684066   -0.037091323728025247   -0.024179967298085966    0.026258165853805093                      -0                      -0                      -0                      -0                      -0                      -0   -0.042255640689263643  -0.0044354453526343658   0.0016548462894941168                      -0                      -0                      -0                      -0                      -0                      -0 -0.00040932154655645464     0.36900974149100901    0.083016207789218727
  -0.092155388530073851   0.0020203549508837817    0.044986402957155891   0.0066145489372176573    0.037796981902411646    0.011081703992248894                       0                       0                       0                       0                       0                       0   0.0044354453526343658    0.038347559867553532   0.0083380121245613947                       0                       0                       0                       0                       0                       0     0.36668472389229589  -0.0030487264840678716   -0.040750123103487357
   0.092155388530073851  -0.0020203549508837817   -0.044986402957155891  -0.0066145489372176573   -0.037796981902411646   -0.011081703992248894                      -0                      -0                      -0                      -0                      -0                      -0  -0.0044354453526343658   -0.038347559867553532  -0.0083380121245613947                      -0                      -0                      -0                      -0                      -0                      -0    -0.36668472389229589   0.0030487264840678716    0.040750123103487357
  -0.029047862737292401 -0.00052392903293936198   -0.017977768426503601  -0.0024622171126999133   0.0051059207950112529   0.0039248984170832373                       0                       0                       0                       0                       0                       0  -0.0016548462894941168   0.0083380121245613947    0.016326302457873292                       0                       0                       0                       0                       0                       0     0.20886635219461325   0.0027894261266311112     0.10217740233785746
   0.029047862737292401  0.00052392903293936198    0.017977768426503601   0.0024622171126999133  -0.0051059207950112529  -0.0039248984170832373                      -0                      -0                      -0                      -0                      -0                      -0   0.0016548462894941168  -0.0083380121245613947   -0.016326302457873292                      -0                      -0                      -0                      -0                      -0                      -0    -0.20886635219461325  -0.0027894261266311112    -0.10217740233785746
  0.0025415554398076474    0.087001260340520581    -0.10767872120395536    0.034648968849396472   -0.025315131395028556    -0.02284091419570309                       0                       0                       0                       0                       0                       0                       0                       0                       0    0.039591227125887057  -0.0042666943313258198   0.0020426333757025978                       0                       0                       0                       0                       0                       0
 -0.0025415554398076474   -0.087001260340520581     0.10767872120395536   -0.034648968849396472    0.025315131395028556     0.02284091419570309                      -0                      -0                      -0                      -0                      -0                      -0                      -0                      -0                      -0   -0.039591227125887057   0.0042666943313258198  -0.0020426333757025978                      -0                      -0                      -0                      -0                      -0                      -0
  -0.086808310606184769 -0.00012938823253503878    0.043363593830060942  -0.0063664230132656667    0.034442277213467015   -0.012242832927462069                       0                       0                       0                       0                       0                       0                       0                       0                       0  -0.0042666943313258198    0.035730971289777785    0.007029717835673523                       0                       0                       0                       0                       0                       0
   0.086808310606184769  0.00012938823253503878   -0.043363593830060942   0.0063664230132656667   -0.034442277213467015    0.012242832927462069                      -0                      -0                      -0                      -0                      -0                      -0                      -0                      -0                      -0   0.0042666943313258198   -0.035730971289777785   -0.007029717835673523                      -0                      -0                      -0                      -0                      -0                      -0
  -0.026137472747897739  0.00030099354809958693   -0.021999884319469309   0.0030402599280935348   0.0028736972629854313  -0.0037766958468449688                       0                       0                       0                       0                       0                       0                       0                       0                       0   0.0020426333757025978    0.007029717835673523    0.016326302457873296                       0                       0                       0                       0                       0                       0
   0.026137472747897739 -0.00030099354809958693    0.021999884319469309  -0.0030402599280935348  -0.0028736972629854313   0.0037766958468449688                      -0                      -0                      -0                      -0                      -0                      -0                      -0                      -0                      -0  -0.0020426333757025978   -0.007029717835673523   -0.016326302457873296                      -0                      -0                      -0                      -0                      -0                      -0
bineq 36 1
                -0
               180
                 0
                 0
                 0
                 0
                -0
               180
                 0
                 0
                 0
                 0
34.002985527025359
35.997014472974641
35.167102479128893
34.832897520871107
35.059178855823511
34.940821144176489
36.282239871246794
33.717760128753206
34.140020076687875
35.859979923312125
34.926409996961432
35.073590003038568
 34.15302127247741
 35.84697872752259
34.076133246957312
35.923866753042688
35.503514236513368
34.496485763486632
36.395104167674006
33.604895832325994
35.194382504955101
34.805617495044899
35.039315740491702
34.960684259508298
Aeq 6 24
     15.206408000000003                       0                       0   0.0013669977740450891    -0.40227715434549788   0.0019200742920419791  -0.0019694192226352653   -0.086893560067097503   -0.026097431978913028   0.0025141233357424586   -0.093976948386549047   -0.028295721568209378  -0.0018417531530707442   -0.092155388530073851   -0.029047862737292401   0.0025415554398076474   -0.086808310606184769   -0.026137472747897739                      -1                       0                       0                      -1                       0                       0
                      0      15.206408000000003                       0     0.40165024678586803   0.0010088482985333178   -0.034087729835808746     0.08476126940012968 -0.00022569692901794336  0.00034823718713847897    0.097607873366354445  -0.0014653805770158505   0.0008745703441706544    0.095144793063689059   0.0020203549508837817 -0.00052392903293936198    0.087001260340520581 -0.00012938823253503878  0.00030099354809958693                       0                      -1                       0                       0                      -1                       0
                      0                       0      15.206408000000003   0.0029290572899140551    0.025748397742351749 -0.00037887160181316416     0.10953183209145526    0.043199181722353819   -0.022046672397453247    -0.10453683436434283    0.041155891815908424   -0.019126951050300559     0.10515403964684066    0.044986402957155891   -0.017977768426503601    -0.10767872120395536    0.043363593830060942   -0.021999884319469309                       0                       0                      -1                       0                       0                      -1
  0.0013669977740450891     0.40165024678586803   0.0029290572899140551     0.20662315607709258  -0.0010054203309966259   -0.024590991606970442    0.034661684683207933   0.0063435734478282744  -0.0030470835325272713    0.037770375451018773  -0.0060807588154859838   0.0026285346414343202    0.037091323728025247   0.0066145489372176573  -0.0024622171126999133    0.034648968849396472  -0.0063664230132656667   0.0030402599280935348  -0.0039643287342186473    -0.37184820539276592     0.12746765091985268   0.0013750667234274734    -0.36843866494411909    -0.12950267041900959
   -0.40227715434549788   0.0010088482985333178    0.025748397742351749  -0.0010054203309966259     0.52019225844379158 -0.00049151323435495955   -0.016731398762710951    0.017034444093482492    0.011190229759569646     0.01657098430990105    0.020273668617365005    0.012009598395135632    0.024179967298085966    0.037796981902411646   0.0051059207950112529   -0.025315131395028556    0.034442277213467015   0.0028736972629854313     0.36687038002482453  -0.0032696649243861213     0.16671868323643174     0.37494317002626182   0.0016543306582643574    -0.23403386400646878
  0.0019200742920419791   -0.034087729835808746 -0.00037887160181316416   -0.024590991606970442 -0.00049151323435495955     0.53161626980540966    0.010395396221317776    0.012155690293079561   0.0037582366148879998     0.01184382408060026   -0.012578329150939666  -0.0037149609450281688   -0.026258165853805093    0.011081703992248894   0.0039248984170832373    -0.02284091419570309   -0.012242832927462069  -0.0037766958468449688    -0.13257514108286261    -0.15860848269319783  -0.0047026892413524627     0.12573845024196292       0.241309254561134   0.0055766204402404578
beq 6 1
 -2.1751381473635103
0.034670639659436092
 -152.70191137696389
 -0.0490243167436476
-0.15215204051637735
 0.10486727071487965
iterate 24 1
-1.6383507748750388
0.18893850390974709
 4.4772254186505549
-5.7385389167452594
 49.650489251961567
-78.080249785591079
 366.41743618646825
 1004.1694089686714
 -2540.331354860904
 406.54108685192824
-377.00991424688277
 351.47770029173216
 -460.2908513454978
-378.75746770875998
 426.07744039356373
-330.19627171247333
 1022.1563396522121
-2562.4998960297185
-54.962655250004573
  -7.54230102146854
  180.0482919922369
 17.701040735229075
 6.8619067824551623
 179.96334485510343
