H 24 24
354.00000644539966 1.7053370020078808e-07 -6.9523555352199108e-07 -1.6759851261471626 -112.41435948629163 -9.2226066049799993 0.73766598741441058 -3.5909111171988211 -3.3659236614314114 -2.9909171550259237 -49.768197970269576 -25.118100970847628 1.5204698712872273 -59.243940216889833 -33.216940472916605 -0.94306205281235878 -5.5052405221230725 -2.85311864313773 -3.2925463778353822e-06 -1.4690582102423735e-06 2.2946306997280496e-07 -8.1339399045890446e-06 5.0246656348433563e-08 -1.0484102841856351e-06 1.7053370020078808e-07 354.00000681947813 -1.6774718522686985e-06 113.89775665542683 -3.327229867366579 1.3793723473266741 0.2750450287076075 -3.0977833704593021 -0.02323718480851341 50.62276928238488 -0.34953906172004467 2.9268420445241863 59.93158872675545 -1.9753027388511055 -0.199441612542064 3.0634713187625975 -0.3785354138154165 -1.5180523525730758 -2.9112141676446438e-06 -2.3760946165420142e-06 6.1717548696568931e-06 5.278786616936779e-07 -2.1661438146194116e-07 -3.8461269759316271e-07 -6.9523555352199108e-07 -1.6774718522686985e-06 354.00001157970632 9.5715229598529277 18.299891962762242 1.636183149121256 4.1966917618879638 2.0424438687551567 0.56223835854653947 -8.3840415604291572 0.46590369496069162 -22.855399364130481 18.554316154263702 14.302117715164723 -7.6452453149480784 -4.7954602360268721 0.73758361224742675 -1.0960499835782447 1.4530508715268298e-06 9.6135251712319357e-07 -5.5494328390914567e-06 5.2977019605250988e-07 6.1215653462550478e-06 -9.1379988743932845e-06 -1.6759851261471626 113.89775665542683 9.5715229598529277 128.78855284184993 8.7308171475651015 -1.1866152411284885 1.3718022836151096 0.39246402700709948 -0.011535191103835548 16.958479507476671 1.1756608463964899 3.8479352607428732 25.542897276770351 0.53514132334730591 -1.8994909851191057 2.358651916794082 0.041761582259264844 0.28304868125165134 2.3694500467254373e-07 1.9150917149048992e-07 -1.4456504251284204e-06 3.4435046551540221e-07 -1.720296015752252e-06 2.5370101912102478e-06 -112.41435948629163 -3.327229867366579 18.299891962762242 8.7308171475650997 138.52881594582391 3.5779357066349635 0.030881312692658567 0.082123789299601471 0.05745358491674097 2.1947009931628378 17.630255719010176 13.176360416983226 4.1355505343861738 23.730653211912816 8.8784165750370203 -0.96357217570860698 1.0938073054409241 0.24174646339075534 5.0283139484312656e-08 3.6574272061949218e-08 2.6555438765813134e-07 1.005868082948815e-06 1.5185542368997743e-06 -2.1052285649133307e-06 -9.2226066049799993 1.3793723473266741 1.636183149121256 -1.1866152411284903 3.5779357066349635 109.34165778251538 -0.057476834819757509 1.3252486344458678 1.1050680691857686 12.500339958912654 -4.7176884900676725 -1.207718933126148 -13.092464292515094 10.026405194773833 4.9675948094510565 -0.53818937322611771 -2.0523389702043673 -0.70690795962490161 1.0968314757155683e-06 5.4694690469821328e-07 2.4325312173153175e-07 -2.6914684039287291e-06 -2.6014155036262397e-07 1.8943793796123632e-07 0.73766598741441058 0.2750450287076075 4.1966917618879638 1.3718022836151096 0.030881312692658567 -0.057476834819757509 1.5399154845587935 0.31391533138436278 -0.0090036372747768108 0.0038360707584227599 -0.00048754571312105573 0.00032988391094878786 0.0095995044949994668 -0.0022556154748239552 -0.0011844322192126912 0.009155889876706777 0.001793463379721894 0.0010775388428646416 1.0679092817542456e-07 8.0638365162367029e-08 -1.7171272759655815e-06 0 0 0 -3.5909111171988211 -3.0977833704593021 2.0424438687551567 0.39246402700709948 0.082123789299601471 1.3252486344458678 0.31391533138436278 2.0610146058139671 0.83038752685611461 0.0043918328384954537 -0.0012980852572161915 0.00016624689803012411 0.0011931129902941627 0.0019514444406993053 0.00025031003317614776 0.0035491218011197852 -0.0036487328644260681 -0.00026344772454344877 1.8948620798534798e-06 1.2849316750736298e-06 -1.3815956573656237e-06 0 0 0 -3.3659236614314114 -0.02323718480851341 0.56223835854653947 -0.011535191103835548 0.05745358491674097 1.1050680691857686 -0.0090036372747768108 0.83038752685611461 1.1267545101708618 0.0012975078115167217 -0.00077487931228758123 -0.00010514306276837532 -0.0020804021952086902 0.0013356115001952687 0.00038699113945827657 -0.00012767534269333947 -0.0026579923122021939 -0.00044152510885565269 1.044053768071431e-06 2.6090616577314794e-07 -2.788710036202044e-07 0 0 0 -2.9909171550259237 50.62276928238488 -8.3840415604291572 16.958479507476671 2.1947009931628374 12.500339958912654 0.0038360707584227599 0.0043918328384954537 0.0012975078115167217 16.915596577639906 0.7951873360598688 2.5929069117920793 0.01136840429824503 0.008666794878060987 0.0010546925368596395 0.0065524539911889744 -0.0035028290641868957 0.00015848957145280841 0 0 0 0 0 0 -49.768197970269576 -0.34953906172004467 0.46590369496069162 1.1756608463964897 17.630255719010176 -4.7176884900676717 -0.00048754571312105573 -0.0012980852572161915 -0.00077487931228758123 0.79518733605986869 15.87963687384557 7.739966192980118 0.0048236789351669609 0.0044284998905751828 0.0007959366997961684 -0.0061744648872128997 0.0056661623709554814 0.00054279658299974864 0 0 0 0 0 0 -25.118100970847628 2.9268420445241863 -22.855399364130481 3.8479352607428727 13.176360416983226 -1.2077189331261475 0.00032988391094878786 0.00016624689803012411 -0.00010514306276837532 2.5929069117920793 7.739966192980118 7.6609453452602594 0.0039329696347374377 0.0035254453065590085 0.00056212280674968937 -0.0017683517249116093 0.0018596663127696997 0.00024945462571573836 0 0 0 0 0 0 1.5204698712872273 59.93158872675545 18.554316154263702 25.542897276770351 4.1355505343861738 -13.092464292515096 0.0095995044949994668 0.0011931129902941627 -0.0020804021952086902 0.01136840429824503 0.0048236789351669609 0.0039329696347374377 25.026605204525648 0.36070153409334432 -1.2758622341909749 0.0075605119455745525 0.0089692339142813434 0.0023364480139718086 0 0 0 0 0 0 -59.243940216889833 -1.9753027388511055 14.302117715164723 0.53514132334730591 23.730653211912816 10.026405194773833 -0.0022556154748239552 0.0019514444406993053 0.0013356115001952687 0.008666794878060987 0.0044284998905751828 0.0035254453065590085 0.36070153409334454 23.642275671349239 11.617296060183433 -0.0082009856551246291 0.00045844001549228373 -0.00033105405482944736 0 0 0 0 0 0 -33.216940472916605 -0.199441612542064 -7.6452453149480784 -1.8994909851191057 8.8784165750370239 4.9675948094510565 -0.0011844322192126912 0.00025031003317614776 0.00038699113945827657 0.0010546925368596395 0.0007959366997961684 0.00056212280674968937 -1.2758622341909751 11.617296060183435 7.6603061773437258 -0.0025381094707731026 -0.00024122401432183208 -0.00020297181901858511 0 0 0 0 0 0 -0.94306205281235878 3.0634713187625975 -4.7954602360268721 2.358651916794082 -0.96357217570860698 -0.53818937322611771 0.009155889876706777 0.0035491218011197852 -0.00012767534269333947 0.0065524539911889744 -0.0061744648872128997 -0.0017683517249116093 0.0075605119455745525 -0.0082009856551246291 -0.0025381094707731026 2.4896286090856172 0.025398829304748238 0.20461253138604796 0 0 0 4.2122892854561436e-07 -1.8658821004929661e-06 2.707144970809604e-06 -5.5052405221230725 -0.3785354138154165 0.73758361224742675 0.041761582259264844 1.0938073054409241 -2.0523389702043673 0.001793463379721894 -0.0036487328644260681 -0.0026579923122021939 -0.0035028290641868957 0.0056661623709554814 0.0018596663127696997 0.0089692339142813434 0.00045844001549228373 -0.00024122401432183208 0.025398829304748238 2.3402425697170921 0.96578303325367132 0 0 0 3.0506042985188587e-06 4.8223762683436909e-07 -3.9554008528802985e-07 -2.85311864313773 -1.5180523525730758 -1.0960499835782447 0.28304868125165134 0.24174646339075534 -0.70690795962490161 0.0010775388428646416 -0.00026344772454344877 -0.00044152510885565269 0.00015848957145280841 0.00054279658299974864 0.00024945462571573836 0.0023364480139718086 -0.00033105405482944736 -0.00020297181901858511 0.20461253138604796 0.96578303325367132 1.1263110817580368 0 0 0 1.2601024315921436e-06 2.7164229862278064e-07 2.7657102502062775e-07 -3.2925463778353822e-06 -2.9112141676446438e-06 1.4530508715268298e-06 2.3694500467254373e-07 5.0283139484312656e-08 1.0968314757155683e-06 1.0679092817542456e-07 1.8948620798534798e-06 1.044053768071431e-06 0 0 0 0 0 0 0 0 0 0.00024093687208795757 9.1370168891036892e-06 -5.1107273459632395e-06 0 0 0 -1.4690582102423735e-06 -2.3760946165420142e-06 9.6135251712319357e-07 1.9150917149048992e-07 3.6574272061949218e-08 5.4694690469821328e-07 8.0638365162367029e-08 1.2849316750736298e-06 2.6090616577314794e-07 0 0 0 0 0 0 0 0 0 9.1370168891036892e-06 0.00022752239911218866 -2.7517977734211485e-06 0 0 0 2.2946306997280496e-07 6.1717548696568931e-06 -5.5494328390914567e-06 -1.4456504251284204e-06 2.6555438765813134e-07 2.4325312173153175e-07 -1.7171272759655815e-06 -1.3815956573656237e-06 -2.788710036202044e-07 0 0 0 0 0 0 0 0 0 -5.1107273459632395e-06 -2.7517977734211485e-06 0.00023718419316909819 0 0 0 -8.1339399045890446e-06 5.278786616936779e-07 5.2977019605250988e-07 3.4435046551540221e-07 1.005868082948815e-06 -2.6914684039287291e-06 0 0 0 0 0 0 0 0 0 4.2122892854561436e-07 3.0506042985188587e-06 1.2601024315921436e-06 0 0 0 0.0002541226599565225 3.2017599667954082e-06 2.9108879914288177e-06 5.0246656348433563e-08 -2.1661438146194116e-07 6.1215653462550478e-06 -1.720296015752252e-06 1.5185542368997743e-06 -2.6014155036262397e-07 0 0 0 0 0 0 0 0 0 -1.8658821004929661e-06 4.8223762683436909e-07 2.7164229862278064e-07 0 0 0 3.2017599667954082e-06 0.00023115158564241566 -1.1632368626369585e-05 -1.0484102841856351e-06 -3.8461269759316271e-07 -9.1379988743932845e-06 2.5370101912102478e-06 -2.1052285649133307e-06 1.8943793796123632e-07 0 0 0 0 0 0 0 0 0 2.707144970809604e-06 -3.9554008528802985e-07 2.7657102502062775e-07 0 0 0 2.9108879914288177e-06 -1.1632368626369585e-05 0.00023918898026396284
g 24 1
22110.467574773764 2867.029481087352 25297.981626932506 2330.8756853291461 -3232.3827500267589 923.2973105697647 334.31466654413725 457.30704726061214 63.387204276196819 1016.1732482539301 -3218.645967047376 -2349.6179762052529 1548.7854840803991 -2732.775842687874 -3152.9247817549895 -409.26132860589325 -69.654481335491852 -260.14101633627968 -0.0034874127203720715 -0.0025826553243345944 -0.037623660937462562 -0.00041932773551327913 0.00044122596429011797 -0.015121211223560886
Aineq 36 24
0 0 0 0 0 0 0 0 0 0 0 0 0 0 0 0 0 0 -0 -0 -1 0 0 0 0 0 0 0 0 0 0 0 0 0 0 0 0 0 0 0 0 0 0 0 1 0 0 0 0 0 0 0 0 0 0 0 0 0 0 0 0 0 0 0 0 0 1 0 -0.56568542494923801 0 0 0 0 0 0 0 0 0 0 0 0 0 0 0 0 0 0 0 0 0 -1 -0 -0.56568542494923801 0 0 0 0 0 0 0 0 0 0 0 0 0 0 0 0 0 0 0 0 0 0 1 -0.56568542494923801 0 0 0 0 0 0 0 0 0 0 0 0 0 0 0 0 0 0 0 0 0 -0 -1 -0.56568542494923801 0 0 0 0 0 0 0 0 0 0 0 0 0 0 0 0 0 0 0 0 0 0 0 0 -0 -0 -1 0 0 0 0 0 0 0 0 0 0 0 0 0 0 0 0 0 0 0 0 0 0 0 1 0 0 0 0 0 0 0 0 0 0 0 0 0 0 0 0 0 0 0 0 0 1 0 -0.56568542494923801 0 0 0 0 0 0 0 0 0 0 0 0 0 0 0 0 0 0 0 0 0 -1 -0 -0.56568542494923801 0 0 0 0 0 0 0 0 0 0 0 0 0 0 0 0 0 0 0 0 0 0 1 -0.56568542494923801 0 0 0 0 0 0 0 0 0 0 0 0 0 0 0 0 0 0 0 0 0 -0 -1 -0.56568542494923801 0.017378786477300807 -0.079624927167710927 0.084505163376181719 0.022898171734405358 -0.0050590680815534575 -0.011817862283260957 0.028894142967915433 0.0081374745094408337 -0.00025429757760639751 0 0 0 0 0 0 0 0 0 -0.045319313252954553 -0.039496266244202112 -0.26159854931368987 0 0 0 -0.017378786477300807 0.079624927167710927 -0.084505163376181719 -0.022898171734405358 0.0050590680815534575 0.011817862283260957 -0.028894142967915433 -0.0081374745094408337 0.00025429757760639751 -0 -0 -0 -0 -0 -0 -0 -0 -0 0.045319313252954553 0.039496266244202112 0.26159854931368987 -0 -0 -0 -0.035409847513621417 -0.079178444946411686 0.042970552027537245 0.0098105738594328161 -8.7495779516466609e-05 0.01204398140412688 0.0081374745094408337 0.035620165290409775 0.0069743148359895099 0 0 0 0 0 0 0 0 0 0.233388760232108 0.18973384987829273 -0.12729948630797785 0 0 0 0.035409847513621417 0.079178444946411686 -0.042970552027537245 -0.0098105738594328161 8.7495779516466609e-05 -0.01204398140412688 -0.0081374745094408337 -0.035620165290409775 -0.0069743148359895099 -0 -0 -0 -0 -0 -0 -0 -0 -0 -0.233388760232108 -0.18973384987829273 0.12729948630797785 -0 -0 -0 -0.033787105030638115 0.0014349443220241088 0.004860602562897655 -0.00030647902543627263 0.00019404879185683905 0.0097458114450107644 -0.00025429757760639751 0.0069743148359895099 0.016326302457873296 0 0 0 0 0 0 0 0 0 0.21934039045143511 -0.0017625901599271562 -0.035099937723431993 0 0 0 0.033787105030638115 -0.0014349443220241088 -0.004860602562897655 0.00030647902543627263 -0.00019404879185683905 -0.0097458114450107644 0.00025429757760639751 -0.0069743148359895099 -0.016326302457873296 -0 -0 -0 -0 -0 -0 -0 -0 -0 -0.21934039045143511 0.0017625901599271562 0.035099937723431993 -0 -0 -0 -0.019757170545961683 0.10448691471383606 -0.093740330414103124 0.034628003071236105 0.016500025618755382 0.01767316196998368 0 0 0 0.040183759960865151 -0.0023021224345294369 0.0026914951393234576 0 0 0 0 0 0 0 0 0 0 0 0 0.019757170545961683 -0.10448691471383606 0.093740330414103124 -0.034628003071236105 -0.016500025618755382 -0.01767316196998368 -0 -0 -0 -0.040183759960865151 0.0023021224345294369 -0.0026914951393234576 -0 -0 -0 -0 -0 -0 -0 -0 -0 -0 -0 -0 -0.085329513079981045 -0.0058418399742270373 0.039807247774939603 -0.0034300837378899258 0.020734618314637018 -0.010203732286430948 0 0 0 -0.0023021224345294369 0.03449982935061488 0.0064141468660920773 0 0 0 0 0 0 0 0 0 0 0 0 0.085329513079981045 0.0058418399742270373 -0.039807247774939603 0.0034300837378899258 -0.020734618314637018 0.010203732286430948 -0 -0 -0 0.0023021224345294369 -0.03449982935061488 -0.0064141468660920773 -0 -0 -0 -0 -0 -0 -0 -0 -0 -0 -0 -0 -0.023896272932748437 0.0031169960775581027 -0.02421787489044416 0.0039943915314025547 0.012018098482909533 -0.0011387229710865586 0 0 0 0.0026914951393234576 0.0064141468660920773 0.016326302457873289 0 0 0 0 0 0 0 0 0 0 0 0 0.023896272932748437 -0.0031169960775581027 0.02421787489044416 -0.0039943915314025547 -0.012018098482909533 0.0011387229710865586 -0 -0 -0 -0.0026914951393234576 -0.0064141468660920773 -0.016326302457873289 -0 -0 -0 -0 -0 -0 -0 -0 -0 -0 -0 -0 0.017091067456536071 0.099661426004142073 0.11279752166351482 0.043962701521181702 0.025536071190988798 -0.024698344958870706 0 0 0 0 0 0 0.048651678710468854 0.0031442208426192436 -0.0014338257773107528 0 0 0 0 0 0 0 0 0 -0.017091067456536071 -0.099661426004142073 -0.11279752166351482 -0.043962701521181702 -0.025536071190988798 0.024698344958870706 -0 -0 -0 -0 -0 -0 -0.048651678710468854 -0.0031442208426192436 0.0014338257773107528 -0 -0 -0 -0 -0 -0 -0 -0 -0 -0.098060023427115173 -0.0048647859318023835 0.051191210485998284 0.0046898994528368054 0.038240555841988932 0.017068902661535441 0 0 0 0 0 0 0.0031442208426192436 0.042415588315124278 0.010372026348346771 0 0 0 0 0 0 0 0 0 0.098060023427115173 0.0048647859318023835 -0.051191210485998284 -0.0046898994528368054 -0.038240555841988932 -0.017068902661535441 -0 -0 -0 -0 -0 -0 -0.0031442208426192436 -0.042415588315124278 -0.010372026348346771 -0 -0 -0 -0 -0 -0 -0 -0 -0 -0.032834475037881762 -8.790894844782314e-05 -0.0094415311171773819 -0.0021331718417867971 0.0072860541613488919 0.0047545263694872917 0 0 0 0 0 0 -0.0014338257773107528 0.010372026348346771 0.016326302457873296 0 0 0 0 0 0 0 0 0 0.032834475037881762 8.790894844782314e-05 0.0094415311171773819 0.0021331718417867971 -0.0072860541613488919 -0.0047545263694872917 -0 -0 -0 -0 -0 -0 0.0014338257773107528 -0.010372026348346771 -0.016326302457873296 -0 -0 -0 -0 -0 -0 -0 -0 -0 -0.025663390519893921 -0.00028256582349910769 -0.1444535638979193 0.041259386815379578 -0.032685115938901339 -0.00079358262757030305 0 0 0 0 0 0 0 0 0 0.044437103013587088 -0.0026534073417149879 0.0021706410028968434 0 0 0 0.059372358483720161 -0.21312066211774283 0.29852874303455268 0.025663390519893921 0.00028256582349910769 0.1444535638979193 -0.041259386815379578 0.032685115938901339 0.00079358262757030305 -0 -0 -0 -0 -0 -0 -0 -0 -0 -0.044437103013587088 0.0026534073417149879 -0.0021706410028968434 -0 -0 -0 -0.059372358483720161 0.21312066211774283 -0.29852874303455268 -0.093987359524518588 0.01609374480666026 0.037817836410257683 -0.0036215800518437477 0.018695373227606872 -0.034259074914836617 0 0 0 0 0 0 0 0 0 -0.0026534073417149879 0.038353095316283024 0.0083407798489261425 0 0 0 0.35954507246266498 0.026853015388190904 -0.045788083228833681 0.093987359524518588 -0.01609374480666026 -0.037817836410257683 0.0036215800518437477 -0.018695373227606872 0.034259074914836617 -0 -0 -0 -0 -0 -0 -0 -0 -0 0.0026534073417149879 -0.038353095316283024 -0.0083407798489261425 -0 -0 -0 -0.35954507246266498 -0.026853015388190904 0.045788083228833681 -0.027547014020925582 -0.016107642157398613 -0.01220487081018283 0.0029547456860656639 0.0012766884483176324 -0.0056219992263049348 0 0 0 0 0 0 0 0 0 0.0021706410028968434 0.0083407798489261425 0.016326302457873296 0 0 0 0.19433364016173377 0.097808113953469084 0.068402794798557515 0.027547014020925582 0.016107642157398613 0.01220487081018283 -0.0029547456860656639 -0.0012766884483176324 0.0056219992263049348 -0 -0 -0 -0 -0 -0 -0 -0 -0 -0.0021706410028968434 -0.0083407798489261425 -0.016326302457873296 -0 -0 -0 -0.19433364016173377 -0.097808113953469084 -0.068402794798557515
bineq 36 1
-0 180 0 0 0 0 -0 180 0 0 0 0 -349.06594292486614 419.06594292486614 29.900745897990607 40.099254102009397 33.673512083142121 36.326487916857879 33.740641339345942 36.259358660654058 36.159412006605429 33.840587993394571 34.724047029475166 35.275952970524834 31.882276305449501 38.117723694550499 34.580425635843845 35.419574364156155 39.597907684268918 30.402092315731082 40.863748820315578 29.136251179684422 37.01628757068633 32.98371242931367 33.870836743458575 36.129163256541425
Aeq 18 24
15.206408000000003 0 0 -0.012028598840655151 -0.15445372357109816 0.042047124142281803 0.017378786477300807 -0.035409847513621417 -0.033787105030638115 -0.019757170545961683 -0.085329513079981045 -0.023896272932748437 0.017091067456536071 -0.098060023427115173 -0.032834475037881762 -0.025663390519893921 -0.093987359524518588 -0.027547014020925582 -1 0 0 -1 0 0 0 15.206408000000003 0 0.16136306720502128 -0.0046693984303919495 -0.024430849563271968 -0.079624927167710927 -0.079178444946411686 0.0014349443220241088 0.10448691471383606 -0.0058418399742270373 0.0031169960775581027 0.099661426004142073 -0.0048647859318023835 -8.790894844782314e-05 -0.00028256582349910769 0.01609374480666026 -0.016107642157398613 0 -1 0 0 -1 0 0 0 15.206408000000003 -0.040763138134844848 0.053517486405788302 -0.0074285868981198312 0.084505163376181719 0.042970552027537245 0.004860602562897655 -0.093740330414103124 0.039807247774939603 -0.02421787489044416 0.11279752166351482 0.051191210485998284 -0.0094415311171773819 -0.1444535638979193 0.037817836410257683 -0.01220487081018283 0 0 -1 0 0 -1 -0.012028598840655151 0.16136306720502128 -0.040763138134844848 0.20592425881750209 0.0075077205543163253 -0.017367759759098579 0.022898171734405358 0.0098105738594328161 -0.00030647902543627263 0.034628003071236105 -0.0034300837378899258 0.0039943915314025547 0.043962701521181702 0.0046898994528368054 -0.0021331718417867971 0.041259386815379578 -0.0036215800518437477 0.0029547456860656639 -0.053453379632811153 -0.039574498769147537 -0.30738152479366637 0.067506424863576761 -0.2130424295927974 0.34431171851452919 -0.15445372357109816 -0.0046693984303919495 0.053517486405788302 0.0075077205543163253 0.48130682171420835 -0.011114961199804044 -0.0050590680815534575 -8.7495779516466609e-05 0.00019404879185683905 0.016500025618755382 0.020734618314637018 0.012018098482909533 0.025536071190988798 0.038240555841988932 0.0072860541613488919 -0.032685115938901339 0.018695373227606872 0.0012766884483176324 0.037130063805771274 0.0011272672758586538 -0.014245796075375032 0.18072911430813865 0.0059515958351167306 -0.20402749229112246 0.042047124142281803 -0.024430849563271968 -0.0074285868981198312 -0.017367759759098579 -0.011114961199804044 0.53864596747909232 -0.011817862283260957 0.01204398140412688 0.0097458114450107644 0.01767316196998368 -0.010203732286430948 -0.0011387229710865586 -0.024698344958870706 0.017068902661535441 0.0047545263694872917 -0.00079358262757030305 -0.034259074914836617 -0.0056219992263049348 0.30689520189902547 0.016631736969353227 -0.054553184027452635 -0.34981179827333453 0.15895877574594236 0.06187794942385267 1 0 0 -0.00079102170878587118 -0.010157147142908312 0.002765092462485672 0.0011428594101447764 -0.0023286135367156665 -0.002221899151373428 -0.0012992661084696453 -0.0056114180995262683 -0.0015714607245016984 0.0011239385038554841 -0.0064485987372636033 -0.0021592525360283488 -0.0016876694693377893 -0.0061807732322135866 -0.0018115398469464698 0 0 0 0 0 0 0 1 0 0.0106115176710385 -0.00030706781183248194 -0.0016066154191885366 -0.0052362745473954753 -0.0052069130952169399 9.4364449646761332e-05 0.0068712423547912177 -0.0003841696194280089 0.00020497911653811368 0.0065539097730471299 -0.00031991683583673284 -5.7810462831079794e-06 -1.858202301944776e-05 0.0010583528211698823 -0.0010592667352736168 0 0 0 0 0 0 0 0 1 -0.0026806552957703666 0.0035194035570917472 -0.000488516873815291 0.0055572074204625907 0.0028258186961402868 0.00031964173017701831 -0.0061645281656327452 0.0026177942729762073 -0.0015926098320158293 0.0074177624106570609 0.0033664235818214464 -0.00062089160814160504 -0.0094995191433716129 0.0024869671003341287 -0.0008026136619629586 0 0 0 0 0 0 0 0 0 6.324555320336759 0 0 0 0 0 0 0 0 0 0 0 0 0 0 0 0 0 0 0 0 0 0 0 0 6.324555320336759 0 0 0 0 0 0 0 0 0 0 0 0 0 0 0 0 0 0 0 0 0 0 0 0 6.324555320336759 0 0 0 0 0 0 0 0 0 0 0 0 0 0 0 0 0 0 2.8284271247461903 0 0 0.15300469978193573 -0.042820867452563076 -0.86792602426043541 0.12999808579866326 -0.63396606326595462 -0.5942312731198347 0 0 0 0 0 0 0 0 0 0 0 0 0 0 0 0 2.8284271247461903 0 0.050694232983209568 -0.0013823702934172347 -0.057926505602257171 0.050472957987616557 -0.5457748629264122 -0.0041411376299786903 0 0 0 0 0 0 0 0 0 0 0 0 0 0 0 0 0 2.8284271247461903 0.86940624237224962 0.040293196033193562 0.15429970544451765 0.73991243267309426 0.36005732003974084 0.099277615933857088 0 0 0 0 0 0 0 0 0 0 0 0 0 0 0 2.8284271247461903 0 0 -0.18912129225964405 -0.44898031698125707 0.98952186803776865 0 0 0 0 0 0 0 0 0 -0.16611467827637158 -0.97101285981987062 -0.50372436338174786 0 0 0 0 0 0 0 2.8284271247461903 0 0.54133563379841665 -0.015027632049110491 -0.46048816266276471 0 0 0 0 0 0 0 0 0 0.54155690879400964 -0.067290440834814766 -0.26798176625588704 0 0 0 0 0 0 0 0 2.8284271247461903 -0.97386060401446939 0.577076893390155 -0.1750172705740978 0 0 0 0 0 0 0 0 0 -0.84436679431531414 0.1295082565945693 -0.1934723202166877 0 0 0 0 0 0
beq 18 1
-43.818431234050848 -4.4578683074851959 -219.99537362173527 1.7950408448228456 -4.6385607835732516 4.4164668142858536 2.5637484008728757 -6.9892406410864476 -2.6301657578648703 11139.455172578602 -1901.7208512253487 -2898.1832190595233 -1778.795711727154 -3364.5821092316623 -8539.0264983601737 875.40637354300873 -890.72525920749126 63.51980332314065
seed 24 1
10.044341915221212 -69.68694447548981 65.572873007803722 1761.3025119346205 -300.68846818531568 -458.24300243534054 -15443.900251941401 4619.6590580095944 -4121.4505466755681 -261.83674254776525 -1318.848033629429 2571.9170825580618 -1196.1680571018812 1568.3018172851077 -2408.0254574930232 -2751.2171828570681 -2062.7206162809125 1908.6054043624831 -3.2456926035706601e-11 -1.5120994734107995e-10 -5.2313708920337376e-13 82.803835427103806 -101.82337649090584 180.00000000001404
iterate 0 1

