H 24 24
34.000001000000005 0 0 0.33960447882754485 -11.756469299467481 0.66609087928819832 0.21627049508841947 -5.6906349063882473 -3.4104394912367315 -6.8583364445796882e-05 -0.012959586010828774 -0.0030565037885106018 0.00089783574849373253 -0.013640990355316553 -0.0033914061841343163 0.12235454998830797 -5.9993895496734551 -3.367959602232498 0 0 0 0 0 0
0 34.000001000000005 0 11.898740392335213 0.32141655971009608 -3.8579641093523449 5.8778688383464592 0.35286038084053239 0.10048009111070758 0.013302730725011527 0.00035350370584649016 0.00014751161428297848 0.013940760950444638 0.00045059448576131671 5.5853831953282824e-05 5.9887460610315557 0.2392774688147917 0.076457012506724348 0 0 0 0 0 0
0 0 34.000001000000005 -0.6713629222654991 4.2341182149010255 -0.062851251967360786 1.108230651318598 2.606027881974168 0.069993533954993789 -0.014056130098245443 0.002991968738234992 -0.0032905425403842712 0.014053271495912012 0.00274242927006742 -0.002947353005542126 -1.7796371110815716 1.6328985584964151 -0.54506450064248135 0 0 0 0 0 0
0.33960447882754485 11.898740392335213 -0.6713629222654991 84.992192634523064 -0.80108590255383172 -1.4321700731814979 2.276183783294174 0.34196663572407715 -0.0063401765905818294 0.00039612492477567745 -2.9996873281231929e-06 3.9835739419250554e-06 0.00039558249990874478 -5.9010765856384115e-07 7.9140701816753211e-07 2.5127860196148415 -0.20220061823523627 0.093333762912691826 0 0 0 0 0 0
-11.756469299467481 0.32141655971009608 4.2341182149010255 -0.80108590255383172 85.687126114235454 -0.30073623746959594 -0.04441071566246993 2.0180851322563358 1.2541307450330894 -4.650157435586477e-06 0.00038001745909445296 8.4468823338351088e-05 4.5643295599288756e-06 0.00039953664998864009 9.4547506862736544e-05 -0.51476200803957128 2.6529143942894482 1.0603060572490439 0 0 0 0 0 0
0.66609087928819832 -3.8579641093523449 -0.062851251967360786 -1.4321700731814979 -0.30073623746959594 81.916055815007766 0.25112459548341043 0.6519681519397259 0.37974906078689213 -4.3127484214610896e-06 -1.2847407181208361e-05 -2.9081526075597673e-06 -4.6189658171675712e-06 -1.3536232044668244e-05 -3.2137602095734159e-06 -1.6832841362361701 -0.98898204854455141 -0.52732777187225177 0 0 0 0 0 0
0.21627049508841947 5.8778688383464592 1.108230651318598 2.276183783294174 -0.04441071566246993 0.25112459548341043 2.2276399476737248 0.23030165504808728 -0.0042707489547019941 -5.7686273130008644e-06 1.6751280576344448e-05 -2.2245640127950241e-05 0.00018610571678129832 1.5440524818308313e-05 -2.0707644661210929e-05 -1.44166604821548e-05 4.5013154972066088e-05 -7.6356103191152033e-06 0 0 0 0 0 0
-5.6906349063882473 0.35286038084053239 2.606027881974168 0.34196663572407715 2.0180851322563358 0.6519681519397259 0.23030165504808728 2.4449271182992431 1.222465711206393 -5.5635527087432476e-05 9.0500634309423784e-05 3.5611915640823123e-06 6.4253810299193394e-05 9.3484374226326537e-05 7.0350198286363588e-06 -5.8908455098967266e-05 0.00010876464574040824 2.1865483195038853e-05 0 0 0 0 0 0
-3.4104394912367315 0.10048009111070758 0.069993533954993789 -0.0063401765905818294 1.2541307450330894 0.37974906078689213 -0.0042707489547019941 1.222465711206393 0.72597909582264797 1.9611646008143547e-06 2.8889004491184935e-05 7.114685945518656e-06 -2.2649609848790993e-06 3.0442749306488528e-05 7.8356767599673568e-06 2.0765360350985767e-06 2.8803723189808763e-05 9.9307361890781671e-06 0 0 0 0 0 0
-6.8583364445796882e-05 0.013302730725011527 -0.014056130098245443 0.00039612492477567745 -4.650157435586477e-06 -4.3127484214610896e-06 -5.7686273130008644e-06 -5.5635527087432476e-05 1.9611646008143547e-06 0.00018827107087942291 -1.8232062607448727e-05 2.4212113319163994e-05 -6.0730000116671073e-06 -1.5809130241052918e-05 2.1201989912049812e-05 0.00018855473177500773 -4.3984443280237506e-05 7.4611092957055979e-06 0 0 0 0 0 0
-0.012959586010828774 0.00035350370584649016 0.002991968738234992 -2.9996873281231929e-06 0.00038001745909445296 -1.2847407181208361e-05 1.6751280576344448e-05 9.0500634309423784e-05 2.8889004491184935e-05 -1.8232062607448727e-05 8.9513855686345763e-05 1.490898461463474e-05 1.7669740018899251e-05 9.2573068623011783e-05 1.7576288312200756e-05 -1.9147811758604981e-05 9.5028598724886156e-05 2.7032972539688035e-05 0 0 0 0 0 0
-0.0030565037885106018 0.00014751161428297848 -0.0032905425403842712 3.9835739419250554e-06 8.4468823338351088e-05 -2.9081526075597673e-06 -2.2245640127950241e-05 3.5611915640823123e-06 7.114685945518656e-06 2.4212113319163994e-05 1.490898461463474e-05 1.1095822647803303e-05 -2.3465350951733162e-05 1.6368063221445728e-05 1.0036237692682973e-05 2.5428224885754656e-05 8.5635990297124583e-06 8.2868556925978909e-06 0 0 0 0 0 0
0.00089783574849373253 0.013940760950444638 0.014053271495912012 0.00039558249990874478 4.5643295599288756e-06 -4.6189658171675712e-06 0.00018610571678129832 6.4253810299193394e-05 -2.2649609848790993e-06 -6.0730000116671073e-06 1.7669740018899251e-05 -2.3465350951733162e-05 0.00019732268232326421 1.6287182158159442e-05 -2.1843116385763624e-05 -1.5195733191828125e-05 4.7481520310355803e-05 -8.0543207130008879e-06 0 0 0 0 0 0
-0.013640990355316553 0.00045059448576131671 0.00274242927006742 -5.9010765856384115e-07 0.00039953664998864009 -1.3536232044668244e-05 1.5440524818308313e-05 9.3484374226326537e-05 3.0442749306488528e-05 -1.5809130241052918e-05 9.2573068623011783e-05 1.6368063221445728e-05 1.6287182158159442e-05 9.790028578288013e-05 1.9102199662902e-05 -1.6647893545735807e-05 9.8638725927319626e-05 2.8652157983319511e-05 0 0 0 0 0 0
-0.0033914061841343163 5.5853831953282824e-05 -0.002947353005542126 7.9140701816753211e-07 9.4547506862736544e-05 -3.2137602095734159e-06 -2.0707644661210929e-05 7.0350198286363588e-06 7.8356767599673568e-06 2.1201989912049812e-05 1.7576288312200756e-05 1.0036237692682973e-05 -2.1843116385763624e-05 1.9102199662902e-05 1.1095822647803276e-05 2.2326874763608845e-05 1.1909118414562963e-05 8.8539496023136065e-06 0 0 0 0 0 0
0.12235454998830797 5.9887460610315557 -1.7796371110815716 2.5127860196148415 -0.51476200803957128 -1.6832841362361701 -1.44166604821548e-05 -5.8908455098967266e-05 2.0765360350985767e-06 0.00018855473177500773 -1.9147811758604981e-05 2.5428224885754656e-05 -1.5195733191828125e-05 -1.6647893545735807e-05 2.2326874763608845e-05 2.4278473611840838 -0.13608902648909849 0.062803203733507312 0 0 0 0 0 0
-5.9993895496734551 0.2392774688147917 1.6328985584964151 -0.20220061823523627 2.6529143942894482 -0.98898204854455141 4.5013154972066088e-05 0.00010876464574040824 2.8803723189808763e-05 -4.3984443280237506e-05 9.5028598724886156e-05 8.5635990297124583e-06 4.7481520310355803e-05 9.8638725927319626e-05 1.1909118414562963e-05 -0.13608902648909849 2.4086728298385158 1.2043385669760291 0 0 0 0 0 0
-3.367959602232498 0.076457012506724348 -0.54506450064248135 0.093333762912691826 1.0603060572490439 -0.52732777187225177 -7.6356103191152033e-06 2.1865483195038853e-05 9.9307361890781671e-06 7.4611092957055979e-06 2.7032972539688035e-05 8.2868556925978909e-06 -8.0543207130008879e-06 2.8652157983319511e-05 8.8539496023136065e-06 0.062803203733507312 1.2043385669760291 0.72597909582264775 0 0 0 0 0 0
0 0 0 0 0 0 0 0 0 0 0 0 0 0 0 0 0 0 9.9999999999999995e-07 0 0 0 0 0
0 0 0 0 0 0 0 0 0 0 0 0 0 0 0 0 0 0 0 9.9999999999999995e-07 0 0 0 0
0 0 0 0 0 0 0 0 0 0 0 0 0 0 0 0 0 0 0 0 9.9999999999999995e-07 0 0 0
0 0 0 0 0 0 0 0 0 0 0 0 0 0 0 0 0 0 0 0 0 9.9999999999999995e-07 0 0
0 0 0 0 0 0 0 0 0 0 0 0 0 0 0 0 0 0 0 0 0 0 9.9999999999999995e-07 0
0 0 0 0 0 0 0 0 0 0 0 0 0 0 0 0 0 0 0 0 0 0 0 9.9999999999999995e-07
g 24 1
-414.5512919693922
-50.153203287496666
249.11543583115071
-19.438055507754271
290.78618472057713
-48.030168224232227
-20.040280794022713
119.85966774039851
55.48359877881213
-0.0086989635375768377
0.0042587786703385238
-0.0018164612243708228
0.01108692337298408
0.0042021761553846897
-0.0015276751447671649
2.3755983445318183
65.078971098516845
30.499451088366147
0
0
0
0
0
0
Aineq 36 24
0 0 0 0 0 0 0 0 0 0 0 0 0 0 0 0 0 0 -0 -0 -1 0 0 0
0 0 0 0 0 0 0 0 0 0 0 0 0 0 0 0 0 0 0 0 1 0 0 0
0 0 0 0 0 0 0 0 0 0 0 0 0 0 0 0 0 0 1 0 -0.56568542494923801 0 0 0
0 0 0 0 0 0 0 0 0 0 0 0 0 0 0 0 0 0 -1 -0 -0.56568542494923801 0 0 0
0 0 0 0 0 0 0 0 0 0 0 0 0 0 0 0 0 0 0 1 -0.56568542494923801 0 0 0
0 0 0 0 0 0 0 0 0 0 0 0 0 0 0 0 0 0 -0 -1 -0.56568542494923801 0 0 0
0 0 0 0 0 0 0 0 0 0 0 0 0 0 0 0 0 0 0 0 0 -0 -0 -1
0 0 0 0 0 0 0 0 0 0 0 0 0 0 0 0 0 0 0 0 0 0 0 1
0 0 0 0 0 0 0 0 0 0 0 0 0 0 0 0 0 0 0 0 0 1 0 -0.56568542494923801
0 0 0 0 0 0 0 0 0 0 0 0 0 0 0 0 0 0 0 0 0 -1 -0 -0.56568542494923801
0 0 0 0 0 0 0 0 0 0 0 0 0 0 0 0 0 0 0 0 0 0 1 -0.56568542494923801
0 0 0 0 0 0 0 0 0 0 0 0 0 0 0 0 0 0 0 0 0 -0 -1 -0.56568542494923801
0.0064711888045455301 0.10047180104474476 0.10129570439549047 0.03862165912208769 -0.014375440157524356 0.0061791967844961613 0.043953420289052428 0.0061455654571616111 -0.00021706301119386743 0 0 0 0 0 0 0 0 0 -0.014132747899865157 -0.38851825837277676 -0.068431742859923567 0 0 0
-0.0064711888045455301 -0.10047180104474476 -0.10129570439549047 -0.03862165912208769 0.014375440157524356 -0.0061791967844961613 -0.043953420289052428 -0.0061455654571616111 0.00021706301119386743 -0 -0 -0 -0 -0 -0 -0 -0 -0 0.014132747899865157 0.38851825837277676 0.068431742859923567 -0 -0 -0
-0.090333645672843993 0.0075671764525896777 0.067790779792642863 0.0091521240625539353 0.021806078804909854 0.011323659207091804 0.0061455654571616111 0.043691631549612552 0.011010047965590918 0 0 0 0 0 0 0 0 0 0.37685297286438507 -0.022604220717750863 -0.16231948758497797 0 0 0
0.090333645672843993 -0.0075671764525896777 -0.067790779792642863 -0.0091521240625539353 -0.021806078804909854 -0.011323659207091804 -0.0061455654571616111 -0.043691631549612552 -0.011010047965590918 -0 -0 -0 -0 -0 -0 -0 -0 -0 -0.37685297286438507 0.022604220717750863 0.16231948758497797 -0 -0 -0
-0.034135245763077762 0.00086933956504158319 -0.0011323578268647473 -0.00032304486516108078 0.01168389845045595 0.0038618440350446791 -0.00021706301119386743 0.011010047965590918 0.016326302457873296 0 0 0 0 0 0 0 0 0 0.23480272255747589 -0.0068855102939330368 -0.0043839041012151692 0 0 0
0.034135245763077762 -0.00086933956504158319 0.0011323578268647473 0.00032304486516108078 -0.01168389845045595 -0.0038618440350446791 0.00021706301119386743 -0.011010047965590918 -0.016326302457873296 -0 -0 -0 -0 -0 -0 -0 -0 -0 -0.23480272255747589 0.0068855102939330368 0.0043839041012151692 -0 -0 -0
-0.00052145331088774161 0.10114337545933055 -0.10687162458750017 0.03909533835191023 0.019046827925791689 0.017855393361999587 0 0 0 0.044078544585111588 -0.001824380503174225 0.0024556980119242039 0 0 0 0 0 0 0 0 0 0 0 0
0.00052145331088774161 -0.10114337545933055 0.10687162458750017 -0.03909533835191023 -0.019046827925791689 -0.017855393361999587 -0 -0 -0 -0.044078544585111588 0.001824380503174225 -0.0024556980119242039 -0 -0 -0 -0 -0 -0 -0 -0 -0 -0 -0 -0
-0.098534376195877391 0.0026877607903068573 0.022748548678423242 -0.002727427125824175 0.023975709442404514 -0.013883146333625449 0 0 0 -0.001824380503174225 0.037670517171261124 0.0079994907764152079 0 0 0 0 0 0 0 0 0 0 0 0
0.098534376195877391 -0.0026877607903068573 -0.022748548678423242 0.002727427125824175 -0.023975709442404514 0.013883146333625449 -0 -0 -0 0.001824380503174225 -0.037670517171261124 -0.0079994907764152079 -0 -0 -0 -0 -0 -0 -0 -0 -0 -0 -0 -0
-0.023239221830818967 0.0011215608957627987 -0.025018666205219857 0.0036549406665186491 0.013001109382388529 -0.0030914484048242003 0 0 0 0.0024556980119242039 0.0079994907764152079 0.016326302457873292 0 0 0 0 0 0 0 0 0 0 0 0
0.023239221830818967 -0.0011215608957627987 0.025018666205219857 -0.0036549406665186491 -0.013001109382388529 0.0030914484048242003 -0 -0 -0 -0.0024556980119242039 -0.0079994907764152079 -0.016326302457873292 -0 -0 -0 -0 -0 -0 -0 -0 -0 -0 -0 -0
0.0068264283542905429 0.10599444942146449 0.10684989005080418 0.04174179949713934 0.022074279458980012 -0.021992065646996385 0 0 0 0 0 0 0.046817600606445665 0.0016290800252916652 -0.0022153168944699583 0 0 0 0 0 0 0 0 0
-0.0068264283542905429 -0.10599444942146449 -0.10684989005080418 -0.04174179949713934 -0.022074279458980012 0.021992065646996385 -0 -0 -0 -0 -0 -0 -0.046817600606445665 -0.0016290800252916652 0.0022153168944699583 -0 -0 -0 -0 -0 -0 -0 -0 -0
-0.10371523243350425 0.0034259617965183863 0.020851249195893651 0.0024355609191948407 0.033545593217207154 0.013930922677276409 0 0 0 0 0 0 0.0016290800252916652 0.039953100358686371 0.0091407823701278278 0 0 0 0 0 0 0 0 0
0.10371523243350425 -0.0034259617965183863 -0.020851249195893651 -0.0024355609191948407 -0.033545593217207154 -0.013930922677276409 -0 -0 -0 -0 -0 -0 -0.0016290800252916652 -0.039953100358686371 -0.0091407823701278278 -0 -0 -0 -0 -0 -0 -0 -0 -0
-0.025785553064834786 0.0004246680785225279 -0.022409326161149906 -0.0032969070588923918 0.0046989755047303584 0.0034297531180549914 0 0 0 0 0 0 -0.0022153168944699583 0.0091407823701278278 0.016326302457873285 0 0 0 0 0 0 0 0 0
0.025785553064834786 -0.0004246680785225279 0.022409326161149906 0.0032969070588923918 -0.0046989755047303584 -0.0034297531180549914 -0 -0 -0 -0 -0 -0 0.0022153168944699583 -0.0091407823701278278 -0.016326302457873285 -0 -0 -0 -0 -0 -0 -0 -0 -0
-0.00084032512688060699 0.096776993728301203 -0.11239112404276756 0.042487485655741668 -0.027074400772387673 -0.028034512104008393 0 0 0 0 0 0 0 0 0 0.047215834334665911 -0.0046787883177841147 0.00079803752005618337 0 0 0 -0.0083231035749404131 -0.39547845691493622 0.11030343981860379
0.00084032512688060699 -0.096776993728301203 0.11239112404276756 -0.042487485655741668 0.027074400772387673 0.028034512104008393 -0 -0 -0 -0 -0 -0 -0 -0 -0 -0.047215834334665911 0.0046787883177841147 -0.00079803752005618337 -0 -0 -0 0.0083231035749404131 0.39547845691493622 -0.11030343981860379
-0.099183380717720981 0.0049764878447884579 0.052777584775413722 -0.006975204672958207 0.042351415418515184 -0.016381198799799993 0 0 0 0 0 0 0 0 0 -0.0046787883177841147 0.043311004658897957 0.010819734520233612 0 0 0 0.39612002513622302 -0.015553545656641597 -0.10162231661463675
0.099183380717720981 -0.0049764878447884579 -0.052777584775413722 0.006975204672958207 -0.042351415418515184 0.016381198799799993 -0 -0 -0 -0 -0 -0 -0 -0 -0 0.0046787883177841147 -0.043311004658897957 -0.010819734520233612 -0 -0 -0 -0.39612002513622302 0.015553545656641597 0.10162231661463675
-0.033377492272017271 0.00068408972490853915 -0.0072614061801298119 0.0011875800977633826 0.0090317960563236176 -0.0051418369283894204 0 0 0 0 0 0 0 0 0 0.00079803752005618337 0.010819734520233612 0.016326302457873289 0 0 0 0.23219659221852507 -0.0054125515888492348 0.03400684094299905
0.033377492272017271 -0.00068408972490853915 0.0072614061801298119 -0.0011875800977633826 -0.0090317960563236176 0.0051418369283894204 -0 -0 -0 -0 -0 -0 -0 -0 -0 -0.00079803752005618337 -0.010819734520233612 -0.016326302457873289 -0 -0 -0 -0.23219659221852507 0.0054125515888492348 -0.03400684094299905
bineq 36 1
-0
180
0
0
0
0
-0
180
0
0
0
0
34.159517618762536
35.840482381237464
34.38074870092273
35.61925129907727
-222.56939645613789
292.56939645613789
35.898372796126054
34.101627203873946
36.112480533192361
33.887519466807639
34.677656743470202
35.322343256529798
33.159460282280627
36.840539717719373
36.050017032764757
33.949982967235243
34.494557807690214
35.505442192309786
35.899548132628446
34.100451867371554
34.60621637375251
35.39378362624749
34.376853316651086
35.623146683348914
Aeq 6 24
15.206408000000003 0 0 0.013077698289614826 -0.44095596782061974 0.014799275995906584 0.0064711888045455301 -0.090333645672843993 -0.034135245763077762 -0.00052145331088774161 -0.098534376195877391 -0.023239221830818967 0.0068264283542905429 -0.10371523243350425 -0.025785553064834786 -0.00084032512688060699 -0.099183380717720981 -0.033377492272017271 -1 0 0 -1 0 0
0 15.206408000000003 0 0.44150547132719986 0.013376235954604167 -0.005435911183229088 0.10047180104474476 0.0075671764525896777 0.00086933956504158319 0.10114337545933055 0.0026877607903068573 0.0011215608957627987 0.10599444942146449 0.0034259617965183863 0.0004246680785225279 0.096776993728301203 0.0049764878447884579 0.00068408972490853915 0 -1 0 0 -1 0
0 0 15.206408000000003 -0.010764395172325615 0.019841513855117118 -0.00055107876083250495 0.10129570439549047 0.067790779792642863 -0.0011323578268647473 -0.10687162458750017 0.022748548678423242 -0.025018666205219857 0.10684989005080418 0.020851249195893651 -0.022409326161149906 -0.11239112404276756 0.052777584775413722 -0.0072614061801298119 0 0 -1 0 0 -1
0.013077698289614826 0.44150547132719986 -0.010764395172325615 0.22442158262441539 0.00041454956047191395 -0.02372311946388931 0.03862165912208769 0.0091521240625539353 -0.00032304486516108078 0.03909533835191023 -0.002727427125824175 0.0036549406665186491 0.04174179949713934 0.0024355609191948407 -0.0032969070588923918 0.042487485655741668 -0.006975204672958207 0.0011875800977633826 -0.015683462156485424 -0.38802891243588983 -0.11490330218224847 -0.0067723893183201491 -0.39596780285182298 0.15677499914092868
-0.44095596782061974 0.013376235954604167 0.019841513855117118 0.00041454956047191395 0.52804514081408438 -0.0024461755064756263 -0.014375440157524356 0.021806078804909854 0.01168389845045595 0.019046827925791689 0.023975709442404514 0.013001109382388529 0.022074279458980012 0.033545593217207154 0.0046989755047303584 -0.027074400772387673 0.042351415418515184 0.0090317960563236176 0.39045008681376459 -0.012299341570499946 0.030327411671383208 0.38468170168655524 -0.0090320760151646924 -0.29479669851868812
0.014799275995906584 -0.005435911183229088 -0.00055107876083250495 -0.02372311946388931 -0.0024461755064756263 0.52236452310729409 0.0061791967844961613 0.011323659207091804 0.0038618440350446791 0.017855393361999587 -0.013883146333625449 -0.0030914484048242003 -0.021992065646996385 0.013930922677276409 0.0034297531180549914 -0.028034512104008393 -0.016381198799799993 -0.0051418369283894204 0.109821855708194 -0.046820671127867121 -0.0041576789187081336 -0.15179391939338463 0.28643140106102133 0.0080813521787115213
beq 6 1
-4.4342181154827989
-1.123062499731923
-160.70636437457813
-0.33545874062580427
0.41516732783584775
0.012657121013432499
seed 24 1
-11.043976692391418
5.562473370461988
-28.792782305529734
-264.99439272124715
258.17411059246643
49.132603173496101
-424.87725038159419
4836.4730530772731
-19270.602060093093
46.211488234687607
-109.35893636554249
-170.30054224791127
154.91910683744578
-189.19194224422941
-99.261753712549833
332.68364597279339
-228.95695408839356
-46.387161817656342
0
0
0
0
0
0
iterate 0 1
